var cor_kendall_para_first_p = [[1,0.00779014270442582,4.90684856367657e-13,7.69292721749208e-08,0.0869553947037874,0.00220287583839928,1,0.00505351252561402,1,1.0487217187968e-06,0.0042336365008424,0,0.034714226233677,3.00058608406793e-08,7.52664826293847e-07,1,0.466524822020849,4.16721330224003e-13,1,0,9.46833195864387e-09,0,1,1,0.0277176721318023,0.000165554427005534,3.8679348606187e-06,0.71302544571886,0.603503186875252,0.198455856366444,0.0327829846765113,0.0138640985911911,0.248121481479928,0,9.43548158862147e-06,0,6.3500393176991e-14,0.107357634269708,1,0.0109230711691692,0.0154803242031628,4.90684856367657e-13,1,7.08983549369195e-07,1,0,0,1.25281493364842e-06],[0.00779014270442582,1,0.108774017067494,0.0277176721318023,1,0.852182544011165,1,1.68748643595246e-07,1,2.08325711781076e-06,1,0.54671275212076,1,0.000900224413912947,0.0581449498772403,1,1,1,1,0.3141997781353,0.38690091504203,0.076361433292882,1,0.528524162208978,6.78644900962395e-08,1,1.21743242437078e-09,1,0.756380821406099,0.0499578127248136,1,1,0.0282080206433954,0.143579950318393,0.00505351252561402,0.000885496907205836,1,1,0.0070778795496536,0.277357170153708,1,0.551557801668521,0.490005857989539,0.0187898236371889,1,0.29245537171799,0.00497328104965767,5.29052273669129e-05],[4.90684856367657e-13,0.108774017067494,1,0.00119403262779749,0.000337717986594323,1,1,0.751302924999939,1,0.0010703904418109,6.95282504610162e-06,0,0.132856888327516,0.00307952103329859,1.30474239717794e-07,1,1,0,0.432667151041009,0,3.20147815600663e-12,3.2845030953616e-14,1,0.152773458707134,0.0814037278866475,0.000717984847004656,4.61659546964672e-07,1,1,1,2.76554583707677e-06,0.0221626062410352,1,0,2.56503701291803e-05,3.85342892266449e-11,0,1.18079409615268e-06,4.48704706720357e-05,0.0653709457836532,0.000354661782532545,0,1,0.303464261941604,1,6.82392284887067e-13,7.64614323322946e-12,0.0171120908418943],[7.69292721749208e-08,0.0277176721318023,0.00119403262779749,1,0.736291708847941,0.000372417413284805,1,0.00879163000014653,1,0.000189397498892527,0.774289059340125,5.87824090697048e-05,1,0.000120737485452463,0.0110938795019036,1,0.515414141891111,0.000900224413912947,0.331012524816195,1.8599787538866e-05,0.161745006430883,7.2255904358408e-08,1,1,1,0.255167743204061,0.00252876149995826,0.299959673057631,0.684504677318166,1,1,0.0411873118192719,0.152773458707134,1.47408983664947e-05,0.016803755775382,1.79507775912379e-07,0.000209362540059113,1,1,1,1,0.00525518594624373,0.836926934272696,0.0475128032029802,1,0.000189397498892527,1.18294766439083e-07,0.0028195860311305],[0.0869553947037874,1,0.000337717986594323,0.736291708847941,1,1,1,1,0.782077466916072,1,0.00581359314513143,0.000652967097614845,1,1,0.169445981411044,1,1,5.57690855561227e-05,1,0.000258209235443156,0.0109230711691692,0.076361433292882,1,1,1,1,1,1,1,1,1,0.00945280594899139,1,0.000542038886656282,0.679872802851637,0.0459440579730673,6.19526645237931e-05,0.000286543822453829,0.618435572400103,1,1,0.000578161627485403,1,1,1,0.00198076374667918,0.0327829846765113,1],[0.00220287583839928,0.852182544011165,1,0.000372417413284805,1,1,1,1,1,0.684504677318166,0.0187898236371889,0.448061115210354,1,7.29016734647222e-05,1,1,1,1,1,0.419333448903162,1,0.000963469636335692,1,0.00264361891534447,1,0.00127688873708615,0.893352324049308,0.0218320328680965,1,1,1,1,0.248121481479928,0.299959673057631,1,0.102472384374394,1,0.836926934272696,1,1,0.00355513727358995,1,1,3.60803107801278e-05,1,0.181102718273082,0.036452007104246,0.000183082611976169],[1,1,1,1,1,1,1,1,1,1,1,0.39798022981301,1.43878442035035e-07,1,0.00611979007571992,1,1,0.161745006430883,1,0.684504677318166,1,1,1,0.67293591032137,1,1,1,1,1,1,1,0.12415374527705,1,1,0.0201929350318206,0.515414141891111,0.186457385383469,0.00497328104965767,1,1,1,0.551557801668521,1,0.558454404087342,1,1,0.427908634133391,1],[0.00505351252561402,1.68748643595246e-07,0.751302924999939,0.00879163000014653,1,1,1,1,1,0,0.306382884300561,0.176277250851429,1,0.0467224140178479,1,1,1,1,0.378294099336627,0.020380361362488,0.148284626412183,0.0215064134689335,1,0.239915168300618,3.60803107801278e-05,1,0.00276338498902182,0.756380821406099,0.075332693190881,0.00181710815769646,1,1,0.114464509725429,0.0351257820465275,0.782077466916072,0.000729976544239048,1,1,0.67293591032137,0.971142306320027,1,0.267182570500215,0.00202175235600589,0.0195370989097309,1,0.0827103357432036,0.0404934563326192,0.0855886507426841],[1,1,1,1,0.782077466916072,1,1,1,1,1,0.0198916390129967,1,1,1,1,1,1,0.348591053576596,0.120137290011357,1,0.521934903272156,1,1,0.448061115210354,1,0.108774017067494,1,1,1,1,1,1,0.0240012007205489,1,1,1,0.54671275212076,0.176277250851429,1,1,0.0945427302309698,0.640264894232188,1,1,1,1,1,1],[1.0487217187968e-06,2.08325711781076e-06,0.0010703904418109,0.000189397498892527,1,0.684504677318166,1,0,1,1,0.443157325432821,0.000729976544239048,0.0089307145869163,0.049130336431259,0.00459774709179098,1,0.248121481479928,0.0115528434012363,0.708217708125869,9.97771421406553e-06,0.0311212286340616,7.89842598904244e-08,1,1,0.00094337061655286,0.624900934763464,1.53075371211864e-07,1,0.066443318315618,0.0897479699561793,0.0507979866853777,1,1,0.000456841467319971,0.021185681258902,6.03556967396023e-09,0.00611979007571992,1,0.062247319771347,1,1,0.00117445996553196,0.00764248639105778,0.0631141682507146,1,0.00287688342192437,1.81574083212727e-05,0.0150139870499139],[0.0042336365008424,1,6.95282504610162e-06,0.774289059340125,0.00581359314513143,0.0187898236371889,1,0.306382884300561,0.0198916390129967,0.443157325432821,1,1.89223843378815e-07,1,0.651333894572723,0.270347800590056,1,1,5.87297975105679e-07,1,8.10994337630629e-08,7.08983549369195e-07,0.075332693190881,1,0.424006604681519,0.0801157619857173,1,1,1,1,0.720307078262283,0.169445981411044,1,1,1.89223843378815e-07,0.277357170153708,0.00181710815769646,5.53044729732079e-07,0.00355513727358995,0.120137290011357,0.0221626062410352,1,3.91691975561615e-07,1,1,1,2.12067829524392e-06,0.00178755374176558,1],[0,0.54671275212076,0,5.87824090697048e-05,0.000652967097614845,0.448061115210354,0.39798022981301,0.176277250851429,1,0.000729976544239048,1.89223843378815e-07,1,1,0.000530498205702082,0.000108371736068134,1,1,0,1,0,0,0,1,0.836926934272696,0.00349852676756067,7.02898266837913e-06,0.0055720850582126,1,0.692732849592331,0.720307078262283,0.0128757866711763,0.000622602412169266,1,0,0.00175115819041535,3.2845030953616e-14,0,5.25328158213964e-07,0.624900934763464,0.000123508460062915,0.00247808063296238,0,0.67293591032137,0.0377224491761237,1,0,0,0.0150139870499139],[0.034714226233677,1,0.132856888327516,1,1,1,1.43878442035035e-07,1,1,0.0089307145869163,1,1,1,0.358733904811276,1,1,1,1,1,0.38690091504203,1,0.00022624318819218,1,1,1,1,0.0123680908908318,1,1,1,0.00206355772347951,1,1,1,1,0.296491555398796,1,1,0.0252400782551598,1,1,1,1,0.232735578712269,0.832796250984544,1,0.756380821406099,0.0243619668910081],[3.00058608406793e-08,0.000900224413912947,0.00307952103329859,0.000120737485452463,1,7.29016734647222e-05,1,0.0467224140178479,1,0.049130336431259,0.651333894572723,0.000530498205702082,0.358733904811276,1,0.0631141682507146,1,1,0.00638347369429069,1,0.00104812130232183,0.0133202831637387,1.96518719066848e-06,1,0.509902145439247,0.0515179078193693,0.0215064134689335,0.00392615738821777,0.220368500317051,0.246230486881601,0.232735578712269,1,1,0.178476459291552,8.37868112257972e-06,0.0533964110303632,3.77191946245895e-06,0.0154803242031628,1,1,0.00694301830866385,0.38690091504203,0.0391377826858276,0.139656262579359,5.38996732058833e-07,1,8.37868112257972e-06,2.24803878203711e-06,9.97744749120629e-08],[7.52664826293847e-07,0.0581449498772403,1.30474239717794e-07,0.0110938795019036,0.169445981411044,1,0.00611979007571992,1,1,0.00459774709179098,0.270347800590056,0.000108371736068134,1,0.0631141682507146,1,1,1,0.000148809722941608,1,4.05895063278842e-05,0.0515179078193693,6.37382774334101e-08,0.29245537171799,1,1,1,9.62358121700608e-09,1,0.534204035531158,1,1.06753173889553e-08,0.31785317935845,1,0.000330384408310115,0,1.5362998349272e-13,4.28066740655304e-05,0.107357634269708,0.322188898513503,1,1,3.60803107801278e-05,1,1,1,0.00334888309936741,0,0.00737991409841463],[1,1,1,1,1,1,1,1,1,1,1,1,1,1,1,1,1,1,1,1,0.651333894572723,1,1,1,1,1,1,0.0173738294537136,1,1,1,1,1,0.708217708125869,0.994560078258333,0.948167564034484,1,1,1,0.551557801668521,0.71302544571886,1,1,1,1,0.34395283941802,1,1],[0.466524822020849,1,1,0.515414141891111,1,1,1,1,1,0.248121481479928,1,1,1,1,1,1,1,1,1,0.161745006430883,1,0.0993271948949032,0.155062670281233,1,1,1,1,0.339367423273829,1,1,1,1,0.0016734127111129,0.603503186875252,1,0.0600883239330477,1,1,1,1,1,1,1,1,1,1,0.248121481479928,1],[4.16721330224003e-13,1,0,0.000900224413912947,5.57690855561227e-05,1,0.161745006430883,1,0.348591053576596,0.0115528434012363,5.87297975105679e-07,0,1,0.00638347369429069,0.000148809722941608,1,1,1,0.948167564034484,0,0,1.02152806415159e-12,1,0.246230486881601,0.0252400782551598,0.000806058953174416,0.00478200702077537,1,0.246230486881601,1,0.00418177230949949,0.000183082611976169,1,0,0.0082767473427359,2.88926788955309e-11,0,8.24125620000831e-10,0.477699454047966,0.00185485262506985,0.0327829846765113,0,1,0.71302544571886,1,0,1.66750383121917e-11,0.200896417049935],[1,1,0.432667151041009,0.331012524816195,1,1,1,0.378294099336627,0.120137290011357,0.708217708125869,1,1,1,1,1,1,1,0.948167564034484,1,1,1,1,1,0.0351257820465275,1,1,1,0.335501343390909,1,0.836926934272696,0.38690091504203,1,0.651333894572723,1,1,1,1,1,1,1,1,1,1,1,1,1,1,0.679872802851637],[0,0.3141997781353,0,1.8599787538866e-05,0.000258209235443156,0.419333448903162,0.684504677318166,0.020380361362488,1,9.97771421406553e-06,8.10994337630629e-08,0,0.38690091504203,0.00104812130232183,4.05895063278842e-05,1,0.161745006430883,0,1,1,0,0,1,1,0.0452970908460273,0.00104812130232183,0.000314556268354639,1,0.852182544011165,0.226723754754359,0.00525518594624373,0.0042336365008424,1,0,0.00159894315584026,0,0,2.12067829524392e-06,0.893352324049308,0.00879163000014653,0.0977873054159307,0,0.419333448903162,0.0152916710598382,1,0,0,0.0107549951349034],[9.46833195864387e-09,0.38690091504203,3.20147815600663e-12,0.161745006430883,0.0109230711691692,1,1,0.148284626412183,0.521934903272156,0.0311212286340616,7.08983549369195e-07,0,1,0.0133202831637387,0.0515179078193693,0.651333894572723,1,0,1,0,1,7.72282429942478e-07,1,0.363541365162816,0.00117445996553196,3.0275634218193e-06,0.29245537171799,1,1,1,1,0.00764248639105778,1,0,0.176277250851429,2.76554583707677e-06,0,9.00196968650394e-07,1,4.1457819195428e-11,0.000983985903219434,0,1,0.884696905089996,1,0,7.02898266837913e-06,0.651333894572723],[0,0.076361433292882,3.2845030953616e-14,7.2255904358408e-08,0.076361433292882,0.000963469636335692,1,0.0215064134689335,1,7.89842598904244e-08,0.075332693190881,0,0.00022624318819218,1.96518719066848e-06,6.37382774334101e-08,1,0.0993271948949032,1.02152806415159e-12,1,0,7.72282429942478e-07,1,1,1,0.232735578712269,0.00375927331944855,9.62358121700608e-09,1,0.812463760253131,1,0.00121928732465309,0.00694301830866385,1,0,6.72132011012847e-05,0,1.24918806249818e-13,0.020380361362488,0.306382884300561,0.378294099336627,0.0123680908908318,7.90322461027144e-12,1,0.00018722280017805,1,3.02382824652338e-13,0,4.48704706720357e-05],[1,1,1,1,1,1,1,1,1,1,1,1,1,1,0.29245537171799,1,0.155062670281233,1,1,1,1,1,1,0.0459440579730673,0.0173738294537136,1,0.57246179894174,1,1,1,0.00130382038249499,1,0.157382183725331,1,0.54671275212076,1,1,0.0110938795019036,0.432667151041009,0.020380361362488,1,1,1,1,1,1,1,1],[1,0.528524162208978,0.152773458707134,1,1,0.00264361891534447,0.67293591032137,0.239915168300618,0.448061115210354,1,0.424006604681519,0.836926934272696,1,0.509902145439247,1,1,1,0.246230486881601,0.0351257820465275,1,0.363541365162816,1,0.0459440579730673,1,0.174495421911336,1,1,1,1,0.427908634133391,1,1,0.020380361362488,1,1,1,0.178476459291552,9.55420243078723e-07,0.289663572404818,1,1,0.437471752008652,1,0.174495421911336,1,1,1,0.00535886729449867],[0.0277176721318023,6.78644900962395e-08,0.0814037278866475,1,1,1,1,3.60803107801278e-05,1,0.00094337061655286,0.0801157619857173,0.00349852676756067,1,0.0515179078193693,1,1,1,0.0252400782551598,1,0.0452970908460273,0.00117445996553196,0.232735578712269,0.0173738294537136,0.174495421911336,1,0.0117331006083981,0.102472384374394,1,1,0.339367423273829,1,1,0.306382884300561,0.0121782672956814,1,0.0201929350318206,0.057341127388459,1,1,0.000492359196049682,0.303464261941604,0.0133202831637387,1,0.0154803242031628,1,0.00602290234683083,0.0801157619857173,0.0218320328680965],[0.000165554427005534,1,0.000717984847004656,0.255167743204061,1,0.00127688873708615,1,1,0.108774017067494,0.624900934763464,1,7.02898266837913e-06,1,0.0215064134689335,1,1,1,0.000806058953174416,1,0.00104812130232183,3.0275634218193e-06,0.00375927331944855,1,1,0.0117331006083981,1,1,1,1,1,1,0.659239122157416,1,2.28711057837979e-05,1,0.0243619668910081,0.00156622147628314,1,1,4.96729674720077e-06,0,3.69397148530358e-05,1,0.419333448903162,1,2.54430822665762e-06,0.011953741257019,0.415507608778682],[3.8679348606187e-06,1.21743242437078e-09,4.61659546964672e-07,0.00252876149995826,1,0.893352324049308,1,0.00276338498902182,1,1.53075371211864e-07,1,0.0055720850582126,0.0123680908908318,0.00392615738821777,9.62358121700608e-09,1,1,0.00478200702077537,1,0.000314556268354639,0.29245537171799,9.62358121700608e-09,0.57246179894174,1,0.102472384374394,1,1,1,1,1,1.08842305555101e-05,0.852182544011165,1,0.00602290234683083,1.79329320555565e-06,5.56152687730714e-10,0.00375927331944855,0.437471752008652,4.05895063278842e-05,1,1,0.00400467391439439,1,0.424006604681519,0.57246179894174,0.0404934563326192,2.6124358988897e-08,0.00215838345473248],[0.71302544571886,1,1,0.299959673057631,1,0.0218320328680965,1,0.756380821406099,1,1,1,1,1,0.220368500317051,1,0.0173738294537136,0.339367423273829,1,0.335501343390909,1,1,1,1,1,1,1,1,1,1,1,0.7450162601229,1,3.78198437633443e-05,0.751302924999939,1,0.646917167205767,1,1,0.0351257820465275,1,1,1,1,1,1,1,0.503506763291385,1],[0.603503186875252,0.756380821406099,1,0.684504677318166,1,1,1,0.075332693190881,1,0.066443318315618,1,0.692732849592331,1,0.246230486881601,0.534204035531158,1,1,0.246230486881601,1,0.852182544011165,1,0.812463760253131,1,1,1,1,1,1,1,0.309956578738244,1,1,1,0.836926934272696,0.71302544571886,0.331012524816195,0.309956578738244,1,1,1,1,1,0.0117331006083981,1,1,0.640264894232188,0.477699454047966,1],[0.198455856366444,0.0499578127248136,1,1,1,1,1,0.00181710815769646,1,0.0897479699561793,0.720307078262283,0.720307078262283,1,0.232735578712269,1,1,1,1,0.836926934272696,0.226723754754359,1,1,1,0.427908634133391,0.339367423273829,1,1,1,0.309956578738244,1,1,1,0.0267605009436881,0.183762907545572,1,0.534204035531158,1,1,1,1,1,0.646917167205767,1.61675343154576e-11,0.0883417541587181,1,0.751302924999939,1,1],[0.0327829846765113,1,2.76554583707677e-06,1,1,1,1,1,1,0.0507979866853777,0.169445981411044,0.0128757866711763,0.00206355772347951,1,1.06753173889553e-08,1,1,0.00418177230949949,0.38690091504203,0.00525518594624373,1,0.00121928732465309,0.00130382038249499,1,1,1,1.08842305555101e-05,0.7450162601229,1,1,1,1,1,0.207212319183526,5.09276828700112e-06,0.000565865502157526,0.000435262258110416,0.00029292945425426,0.00450817209178308,0.0591093787926474,1,0.000684740716973574,1,1,1,1,4.87287257821164e-05,0.852182544011165],[0.0138640985911911,1,0.0221626062410352,0.0411873118192719,0.00945280594899139,1,0.12415374527705,1,1,1,1,0.000622602412169266,1,1,0.31785317935845,1,1,0.000183082611976169,1,0.0042336365008424,0.00764248639105778,0.00694301830866385,1,1,1,0.659239122157416,0.852182544011165,1,1,1,1,1,1,0.00320528047408562,1,0.1414415568538,0.000189397498892527,0.00320528047408562,1,1,0.477699454047966,0.0054644891064615,1,1,1,0.00375927331944855,0.0775948407687516,1],[0.248121481479928,0.0282080206433954,1,0.152773458707134,1,0.248121481479928,1,0.114464509725429,0.0240012007205489,1,1,1,1,0.178476459291552,1,1,0.0016734127111129,1,0.651333894572723,1,1,1,0.157382183725331,0.020380361362488,0.306382884300561,1,1,3.78198437633443e-05,1,0.0267605009436881,1,1,1,1,1,0.192374384562308,1,0.000209362540059113,0.00442026117064617,1,1,1,0.217249601250659,0.0042336365008424,0.903525630831848,1,0.0581449498772403,0.105958817694028],[0,0.143579950318393,0,1.47408983664947e-05,0.000542038886656282,0.299959673057631,1,0.0351257820465275,1,0.000456841467319971,1.89223843378815e-07,0,1,8.37868112257972e-06,0.000330384408310115,0.708217708125869,0.603503186875252,0,1,0,0,0,1,1,0.0121782672956814,2.28711057837979e-05,0.00602290234683083,0.751302924999939,0.836926934272696,0.183762907545572,0.207212319183526,0.00320528047408562,1,1,0.00198076374667918,0,0,0.000553826303193127,1,7.02898266837913e-06,0.00764248639105778,0,0.728879046387274,0.00478200702077537,1,0,0,0.00119403262779749],[9.43548158862147e-06,0.00505351252561402,2.56503701291803e-05,0.016803755775382,0.679872802851637,1,0.0201929350318206,0.782077466916072,1,0.021185681258902,0.277357170153708,0.00175115819041535,1,0.0533964110303632,0,0.994560078258333,1,0.0082767473427359,1,0.00159894315584026,0.176277250851429,6.72132011012847e-05,0.54671275212076,1,1,1,1.79329320555565e-06,1,0.71302544571886,1,5.09276828700112e-06,1,1,0.00198076374667918,1,6.11669449939811e-11,0.00375927331944855,1,0.846588898237954,1,1,0.00150918842636624,1,1,1,0.0131164876339409,6.3500393176991e-14,0.00927566459522],[0,0.000885496907205836,3.85342892266449e-11,1.79507775912379e-07,0.0459440579730673,0.102472384374394,0.515414141891111,0.000729976544239048,1,6.03556967396023e-09,0.00181710815769646,3.2845030953616e-14,0.296491555398796,3.77191946245895e-06,1.5362998349272e-13,0.948167564034484,0.0600883239330477,2.88926788955309e-11,1,0,2.76554583707677e-06,0,1,1,0.0201929350318206,0.0243619668910081,5.56152687730714e-10,0.646917167205767,0.331012524816195,0.534204035531158,0.000565865502157526,0.1414415568538,0.192374384562308,0,6.11669449939811e-11,1,8.12805032665484e-12,0.270347800590056,0.684504677318166,1,0.490005857989539,6.57909430737324e-11,0.200896417049935,0.000844889666685706,1,7.28386862912543e-13,0,1.18079409615268e-06],[6.3500393176991e-14,1,0,0.000209362540059113,6.19526645237931e-05,1,0.186457385383469,1,0.54671275212076,0.00611979007571992,5.53044729732079e-07,0,1,0.0154803242031628,4.28066740655304e-05,1,1,0,1,0,0,1.24918806249818e-13,1,0.178476459291552,0.057341127388459,0.00156622147628314,0.00375927331944855,1,0.309956578738244,1,0.000435262258110416,0.000189397498892527,1,0,0.00375927331944855,8.12805032665484e-12,1,5.68715716453441e-11,0.251623211704945,0.00910165108851833,0.0483153889358049,0,1,0.701041254369037,1,0,1.66008170734134e-12,0.1414415568538],[0.107357634269708,1,1.18079409615268e-06,1,0.000286543822453829,0.836926934272696,0.00497328104965767,1,0.176277250851429,1,0.00355513727358995,5.25328158213964e-07,1,1,0.107357634269708,1,1,8.24125620000831e-10,1,2.12067829524392e-06,9.00196968650394e-07,0.020380361362488,0.0110938795019036,9.55420243078723e-07,1,1,0.437471752008652,1,1,1,0.00029292945425426,0.00320528047408562,0.000209362540059113,0.000553826303193127,1,0.270347800590056,5.68715716453441e-11,1,0.0564031435098095,1,0.618435572400103,5.40261345149839e-10,1,0.736291708847941,1,0.00156622147628314,0.226723754754359,0.756380821406099],[1,0.0070778795496536,4.48704706720357e-05,1,0.618435572400103,1,1,0.67293591032137,1,0.062247319771347,0.120137290011357,0.624900934763464,0.0252400782551598,1,0.322188898513503,1,1,0.477699454047966,1,0.893352324049308,1,0.306382884300561,0.432667151041009,0.289663572404818,1,1,4.05895063278842e-05,0.0351257820465275,1,1,0.00450817209178308,1,0.00442026117064617,1,0.846588898237954,0.684504677318166,0.251623211704945,0.0564031435098095,1,1,1,0.427908634133391,1,1,1,1,1,0.31785317935845],[0.0109230711691692,0.277357170153708,0.0653709457836532,1,1,1,1,0.971142306320027,1,1,0.0221626062410352,0.000123508460062915,1,0.00694301830866385,1,0.551557801668521,1,0.00185485262506985,1,0.00879163000014653,4.1457819195428e-11,0.378294099336627,0.020380361362488,1,0.000492359196049682,4.96729674720077e-06,1,1,1,1,0.0591093787926474,1,1,7.02898266837913e-06,1,1,0.00910165108851833,1,1,1,0.00103094717819168,0.000148809722941608,1,0.0377224491761237,1,3.84977086797368e-08,0.76529278409728,0.289663572404818],[0.0154803242031628,1,0.000354661782532545,1,1,0.00355513727358995,1,1,0.0945427302309698,1,1,0.00247808063296238,1,0.38690091504203,1,0.71302544571886,1,0.0327829846765113,1,0.0977873054159307,0.000983985903219434,0.0123680908908318,1,1,0.303464261941604,0,1,1,1,1,1,0.477699454047966,1,0.00764248639105778,1,0.490005857989539,0.0483153889358049,0.618435572400103,1,0.00103094717819168,1,0.00812045866477803,1,1,1,0.00154073254998129,0.36840356889067,1],[4.90684856367657e-13,0.551557801668521,0,0.00525518594624373,0.000578161627485403,1,0.551557801668521,0.267182570500215,0.640264894232188,0.00117445996553196,3.91691975561615e-07,0,1,0.0391377826858276,3.60803107801278e-05,1,1,0,1,0,0,7.90322461027144e-12,1,0.437471752008652,0.0133202831637387,3.69397148530358e-05,0.00400467391439439,1,1,0.646917167205767,0.000684740716973574,0.0054644891064615,1,0,0.00150918842636624,6.57909430737324e-11,0,5.40261345149839e-10,0.427908634133391,0.000148809722941608,0.00812045866477803,1,1,0.466524822020849,1,0,5.06827212208946e-11,0.277357170153708],[1,0.490005857989539,1,0.836926934272696,1,1,1,0.00202175235600589,1,0.00764248639105778,1,0.67293591032137,1,0.139656262579359,1,1,1,1,1,0.419333448903162,1,1,1,1,1,1,1,1,0.0117331006083981,1.61675343154576e-11,1,1,0.217249601250659,0.728879046387274,1,0.200896417049935,1,1,1,1,1,1,1,1,1,0.67293591032137,1,1],[7.08983549369195e-07,0.0187898236371889,0.303464261941604,0.0475128032029802,1,3.60803107801278e-05,0.558454404087342,0.0195370989097309,1,0.0631141682507146,1,0.0377224491761237,0.232735578712269,5.38996732058833e-07,1,1,1,0.71302544571886,1,0.0152916710598382,0.884696905089996,0.00018722280017805,1,0.174495421911336,0.0154803242031628,0.419333448903162,0.424006604681519,1,1,0.0883417541587181,1,1,0.0042336365008424,0.00478200702077537,1,0.000844889666685706,0.701041254369037,0.736291708847941,1,0.0377224491761237,1,0.466524822020849,1,1,1,0.0089307145869163,0.000299455887136002,4.05895063278842e-05],[1,1,1,1,1,1,1,1,1,1,1,1,0.832796250984544,1,1,1,1,1,1,1,1,1,1,1,1,1,0.57246179894174,1,1,1,1,1,0.903525630831848,1,1,1,1,1,1,1,1,1,1,1,1,1,1,1],[0,0.29245537171799,6.82392284887067e-13,0.000189397498892527,0.00198076374667918,0.181102718273082,1,0.0827103357432036,1,0.00287688342192437,2.12067829524392e-06,0,1,8.37868112257972e-06,0.00334888309936741,0.34395283941802,1,0,1,0,0,3.02382824652338e-13,1,1,0.00602290234683083,2.54430822665762e-06,0.0404934563326192,1,0.640264894232188,0.751302924999939,1,0.00375927331944855,1,0,0.0131164876339409,7.28386862912543e-13,0,0.00156622147628314,1,3.84977086797368e-08,0.00154073254998129,0,0.67293591032137,0.0089307145869163,1,1,3.08558248536083e-12,0.00592764454611228],[0,0.00497328104965767,7.64614323322946e-12,1.18294766439083e-07,0.0327829846765113,0.036452007104246,0.427908634133391,0.0404934563326192,1,1.81574083212727e-05,0.00178755374176558,0,0.756380821406099,2.24803878203711e-06,0,1,0.248121481479928,1.66750383121917e-11,1,0,7.02898266837913e-06,0,1,1,0.0801157619857173,0.011953741257019,2.6124358988897e-08,0.503506763291385,0.477699454047966,1,4.87287257821164e-05,0.0775948407687516,0.0581449498772403,0,6.3500393176991e-14,0,1.66008170734134e-12,0.226723754754359,1,0.76529278409728,0.36840356889067,5.06827212208946e-11,1,0.000299455887136002,1,3.08558248536083e-12,1,8.48111204427339e-07],[1.25281493364842e-06,5.29052273669129e-05,0.0171120908418943,0.0028195860311305,1,0.000183082611976169,1,0.0855886507426841,1,0.0150139870499139,1,0.0150139870499139,0.0243619668910081,9.97744749120629e-08,0.00737991409841463,1,1,0.200896417049935,0.679872802851637,0.0107549951349034,0.651333894572723,4.48704706720357e-05,1,0.00535886729449867,0.0218320328680965,0.415507608778682,0.00215838345473248,1,1,1,0.852182544011165,1,0.105958817694028,0.00119403262779749,0.00927566459522,1.18079409615268e-06,0.1414415568538,0.756380821406099,0.31785317935845,0.289663572404818,1,0.277357170153708,1,4.05895063278842e-05,1,0.00592764454611228,8.48111204427339e-07,1]]
