var cor_kendall_para_first = [[0,0.244418559503009,0.527858668219763,-0.411376431760823,0,-0.268491555037857,0,-0.252960590176665,0,-0.379926227916909,0.256455057270433,0.601242477188895,0.213356629780625,-0.421859833042128,0.384197243253737,0,0,0.529800038827412,0,0.644729178800233,0.434284604931081,0.781789943700252,0,0,-0.218015919238983,-0.311589982527665,0.363230440691128,0,0,0,-0.214521452145215,0.232770335857115,0,0.647835371772471,0.351582217045234,0.659871869539895,0.546884100174723,0,0,0.237817899437002,-0.230440691127936,0.527858668219763,0,0.384973791496797,0,0.590370801786061,0.675791108522617,-0.377596583187731],[0.244418559503009,0,0,-0.218015919238983,0,0,0,-0.402057852844108,0,-0.371384197243254,0,0,0,-0.284410794020579,0,0,0,0,0,0,0,0,0,0,-0.412929528246942,0,0.454863133372161,0,0,-0.205202873228499,0,0,-0.217627645117453,0,0.252960590176665,0.284799068142108,0,0,-0.246359930110658,0,0,0,0,0.226557949912638,0,0,0.253348864298195,-0.327897495631916],[0.527858668219763,0,0,-0.279363230440691,-0.3003300330033,0,0,0,0,-0.28130460104834,0.355853232382062,0.603572121918074,0,-0.26266744321491,0.405164045816346,0,0,0.609784507862551,0,0.567850902737333,0.511162880993982,0.548048922539313,0,0,0,-0.288293535235877,0.390409629198214,0,0,0,-0.367501456027956,0.22267520869734,0,0.565521258008154,0.338380896913221,0.488254707823724,0.61211415259173,0.37837313143079,-0.330227140361095,0,-0.299553484760241,0.610172781984081,0,0,0,0.525140749369054,0.503397398563386,-0.228499320520287],[-0.411376431760823,-0.218015919238983,-0.279363230440691,0,0,0.298776936517181,0,0.24208891477383,0,0.309260337798486,0,-0.326344399145797,0,0.316249271986022,-0.237429625315473,0,0,-0.284410794020579,0,-0.342651912250049,0,-0.412152980003883,0,0,0,0,-0.266161910308678,0,0,0,0,-0.209473888565327,0,-0.345758105222287,-0.228887594641817,-0.401281304601048,-0.307707241312366,0,0,0,0,-0.252184041933605,0,-0.206367695593089,0,-0.309260337798486,-0.406328868180936,0.264220539701029],[0,0,-0.3003300330033,0,0,0,0,0,0,0,-0.250242671325956,-0.289846631721996,0,0,0,0,0,-0.327120947388856,0,-0.304601048340128,-0.237817899437002,0,0,0,0,0,0,0,0,0,0,-0.240535818287711,0,-0.292952824694234,0,-0.207144243836148,-0.325567850902737,-0.303047951854009,0,0,0,-0.291788002329645,0,0,0,-0.270432925645506,-0.214521452145215,0],[-0.268491555037857,0,0,0.298776936517181,0,0,0,0,0,0,0.226557949912638,0,0,0.323238206173559,0,0,0,0,0,0,0,-0.283245971655989,0,-0.265385362065618,0,0.278198408076102,0,-0.22306348281887,0,0,0,0,0,0,0,0,0,0,0,0,0.259949524364201,0,0,-0.333721607454863,0,0,-0.212191807416036,0.310036886041545],[0,0,0,0,0,0,0,0,0,0,0,0,0.403999223451757,0,-0.249077848961367,0,0,0,0,0,0,0,0,0,0,0,0,0,0,0,0,0,0,0,-0.225004853426519,0,0,-0.253348864298195,0,0,0,0,0,0,0,0,0,0],[-0.252960590176665,-0.402057852844108,0,0.24208891477383,0,0,0,0,0,0.718501261890895,0,0,0,0.206755969714619,0,0,0,0,0,-0.224616579304989,0,-0.2234517569404,0,0,0.333721607454863,0,-0.264608813822559,0,0,0.271986022131625,0,0,0,-0.212968355659095,0,-0.287905261114347,0,0,0,0,0,0,0.270044651523976,-0.225781401669579,0,0,-0.209862162686857,0],[0,0,0,0,0,0,0,0,0,0,-0.225393127548049,0,0,0,0,0,0,0,0,0,0,0,0,0,0,0,0,0,0,0,0,0,-0.221122112211221,0,0,0,0,0,0,0,0,0,0,0,0,0,0,0],[-0.379926227916909,-0.371384197243254,-0.28130460104834,0.309260337798486,0,0,0,0.718501261890895,0,0,0,-0.287905261114347,-0.2417006406523,0.205591147350029,-0.254901960784314,0,0,-0.236653077072413,0,-0.350805668802174,-0.215686274509804,-0.410988157639293,0,0,0.283634245777519,0,-0.403222675208697,0,0,0,0,0,0,-0.295670743544943,-0.22384003106193,-0.438943894389439,-0.249077848961367,0,0,0,0,-0.279751504562221,0.244806833624539,0,0,-0.263832265579499,-0.343040186371578,0.231217239370996],[0.256455057270433,0,0.355853232382062,0,-0.250242671325956,0.226557949912638,0,0,-0.225393127548049,0,0,0.400504756357989,0,0,0,0,0,0.387303436225976,0,0.410599883517763,0.384973791496797,0,0,0,0,0,0,0,0,0,0,0,0,0.400504756357989,0,0.271986022131625,0.388079984469035,0.259949524364201,0,0.22267520869734,0,0.392350999805863,0,0,0,0.370995923121724,0.272374296253155,0],[0.601242477188895,0,0.603572121918074,-0.326344399145797,-0.289846631721996,0,0,0,0,-0.287905261114347,0.400504756357989,0,0,-0.293341098815764,0.317802368472141,0,0,0.808192583964279,0,0.772471364783537,0.63113958454669,0.566297806251213,0,0,-0.260337798485731,-0.355464958260532,0.251019219569016,0,0,0,-0.234323432343234,0.290623179965055,0,0.791885070860027,0.272762570374684,0.5530964861192,0.801203649776742,0.388856532712095,0,0.315860997864492,-0.266550184430208,0.737914967967385,0,0.211415259172976,0,0.777130654241895,0.558144049699088,-0.231217239370996],[0.213356629780625,0,0,0,0,0,0.403999223451757,0,0,-0.2417006406523,0,0,0,0,0,0,0,0,0,0,0,0.306542418947777,0,0,0,0,0.235099980586294,0,0,0,-0.269656377402446,0,0,0,0,0,0,0,-0.219957289846632,0,0,0,0,0,0,0,0,-0.220733838089691],[-0.421859833042128,-0.284410794020579,-0.26266744321491,0.316249271986022,0,0.323238206173559,0,0.206755969714619,0,0.205591147350029,0,-0.293341098815764,0,0,0,0,0,-0.248301300718307,0,-0.28169287516987,-0.233546884100175,-0.372160745486313,0,0,0,0.2234517569404,-0.258008153756552,0,0,0,0,0,0,-0.353135313531353,0,-0.363618714812658,-0.230440691127936,0,0,-0.246748204232188,0,-0.210638710929916,0,-0.388468258590565,0,-0.353135313531353,-0.370219374878664,0.408270238788585],[0.384197243253737,0,0.405164045816346,-0.237429625315473,0,0,-0.249077848961367,0,0,-0.254901960784314,0,0.317802368472141,0,0,0,0,0,0.313143079013784,0,0.331780236847214,0,0.413706076490002,0,0,0,0,0.433896330809551,0,0,0,-0.432731508444962,0,0,0.30071830712483,0.826053193554649,0.537953795379538,0.331003688604155,0,0,0,0,0.333721607454863,0,0,0,0.26111434672879,0.579499126383227,-0.245583381867599],[0,0,0,0,0,0,0,0,0,0,0,0,0,0,0,0,0,0,0,0,0,0,0,0,0,0,0,0.228111046398758,0,0,0,0,0,0,0,0,0,0,0,0,0,0,0,0,0,0,0,0],[0,0,0,0,0,0,0,0,0,0,0,0,0,0,0,0,0,0,0,0,0,0,0,0,0,0,0,0,0,0,0,0,0.273539118617744,0,0,0,0,0,0,0,0,0,0,0,0,0,0,0],[0.529800038827412,0,0.609784507862551,-0.284410794020579,-0.327120947388856,0,0,0,0,-0.236653077072413,0.387303436225976,0.808192583964279,0,-0.248301300718307,0.313143079013784,0,0,0,0,0.72820811492914,0.632692681032809,0.521258008153757,0,0,-0.219957289846632,-0.286352164628227,0.254125412541254,0,0,0,-0.256843331391963,0.310036886041545,0,0.694816540477577,0.24325373713842,0.490972626674432,0.907590759075908,0.458745874587459,0,0.271597748010095,-0.214521452145215,0.749563191613279,0,0,0,0.697146185206756,0.49602019025432,0],[0,0,0,0,0,0,0,0,0,0,0,0,0,0,0,0,0,0,0,0,0,0,0,-0.212968355659095,0,0,0,0,0,0,0,0,0,0,0,0,0,0,0,0,0,0,0,0,0,0,0,0],[0.644729178800233,0,0.567850902737333,-0.342651912250049,-0.304601048340128,0,0,-0.224616579304989,0,-0.350805668802174,0.410599883517763,0.772471364783537,0,-0.28169287516987,0.331780236847214,0,0,0.72820811492914,0,0,0.59231217239371,0.625315472723743,0,0,-0.207532517957678,-0.28169287516987,0.30149485536789,0,0,0,-0.252184041933605,0.256455057270433,0,0.767812075325179,0.274315666860804,0.584934964084644,0.744515628033392,0.370995923121724,0,0.24208891477383,0,0.725490196078431,0,0.230828965249466,0,0.70879440885265,0.566686080372743,-0.238206173558532],[0.434284604931081,0,0.511162880993982,0,-0.237817899437002,0,0,0,0,-0.215686274509804,0.384973791496797,0.63113958454669,0,-0.233546884100175,0,0,0,0.632692681032809,0,0.59231217239371,0,0.383808969132207,0,0,-0.279751504562221,-0.366336633663366,0,0,0,0,0,0.244806833624539,0,0.626480295088332,0,0.367501456027956,0.600077654824306,0.381867598524558,0,0.487478159580664,-0.282857697534459,0.740244612696564,0,0,0,0.658318773053776,0.355464958260532,0],[0.781789943700252,0,0.548048922539313,-0.412152980003883,0,-0.283245971655989,0,-0.2234517569404,0,-0.410988157639293,0,0.566297806251213,0.306542418947777,-0.372160745486313,0.413706076490002,0,0,0.521258008153757,0,0.625315472723743,0.383808969132207,0,0,0,0,-0.258784701999612,0.433896330809551,0,0,0,-0.278974956319161,0.246748204232188,0,0.57328674043875,0.324403028538148,0.658318773053776,0.539118617744127,0.224616579304989,0,0,-0.235099980586294,0.503009124441856,0,0.309648611920016,0,0.532129683556591,0.629198213939041,-0.330227140361095],[0,0,0,0,0,0,0,0,0,0,0,0,0,0,0,0,0,0,0,0,0,0,0,-0.207144243836148,0.228111046398758,0,0,0,0,0,-0.277810133954572,0,0,0,0,0,0,0.237429625315473,0,-0.224616579304989,0,0,0,0,0,0,0,0],[0,0,0,0,0,-0.265385362065618,0,0,0,0,0,0,0,0,0,0,0,0,-0.212968355659095,0,0,0,-0.207144243836148,0,0,0,0,0,0,0,0,0,-0.224616579304989,0,0,0,0,-0.381091050281499,0,0,0,0,0,0,0,0,0,-0.251795767812075],[-0.218015919238983,-0.412929528246942,0,0,0,0,0,0.333721607454863,0,0.283634245777519,0,-0.260337798485731,0,0,0,0,0,-0.219957289846632,0,-0.207532517957678,-0.279751504562221,0,0.228111046398758,0,0,0.236264802950883,0,0,0,0,0,0,0,-0.235488254707824,0,-0.225004853426519,0,0,0,-0.294505921180353,0,-0.233546884100175,0,-0.230440691127936,0,-0.249466123082897,0,0.22306348281887],[-0.311589982527665,0,-0.288293535235877,0,0,0.278198408076102,0,0,0,0,0,-0.355464958260532,0,0.2234517569404,0,0,0,-0.286352164628227,0,-0.28169287516987,-0.366336633663366,-0.258784701999612,0,0,0.236264802950883,0,0,0,0,0,0,0,0,-0.33993399339934,0,-0.220733838089691,-0.274703940982334,0,0,-0.36012424771889,0.760434867016113,-0.333333333333333,0,0,0,-0.368666278392545,-0.235876528829353,0],[0.363230440691128,0.454863133372161,0.390409629198214,-0.266161910308678,0,0,0,-0.264608813822559,0,-0.403222675208697,0,0.251019219569016,0.235099980586294,-0.258008153756552,0.433896330809551,0,0,0.254125412541254,0,0.30149485536789,0,0.433896330809551,0,0,0,0,0,0,0,0,-0.349640846437585,0,0,0.249466123082897,0.373325567850903,0.462628615802757,0.258784701999612,0,-0.331780236847214,0,0,0.257619879635022,0,0,0,0.209862162686857,0.423412929528247,-0.268879829159387],[0,0,0,0,0,-0.22306348281887,0,0,0,0,0,0,0,0,0,0.228111046398758,0,0,0,0,0,0,0,0,0,0,0,0,0,0,0,0,-0.332945059211804,0,0,0,0,0,0.212968355659095,0,0,0,0,0,0,0,0,0],[0,0,0,0,0,0,0,0,0,0,0,0,0,0,0,0,0,0,0,0,0,0,0,0,0,0,0,0,0,0,0,0,0,0,0,0,0,0,0,0,0,0,0.236264802950883,0,0,0,0,0],[0,-0.205202873228499,0,0,0,0,0,0.271986022131625,0,0,0,0,0,0,0,0,0,0,0,0,0,0,0,0,0,0,0,0,0,0,0,0,0.218792467482042,0,0,0,0,0,0,0,0,0,0.496408464375849,0,0,0,0,0],[-0.214521452145215,0,-0.367501456027956,0,0,0,0,0,0,0,0,-0.234323432343234,-0.269656377402446,0,-0.432731508444962,0,0,-0.256843331391963,0,-0.252184041933605,0,-0.278974956319161,-0.277810133954572,0,0,0,-0.349640846437585,0,0,0,0,0,0,0,-0.35973597359736,-0.292176276451174,-0.296447291788002,-0.302659677732479,0.255290234905844,0,0,-0.289070083478936,0,0,0,0,-0.329062317996506,0],[0.232770335857115,0,0.22267520869734,-0.209473888565327,-0.240535818287711,0,0,0,0,0,0,0.290623179965055,0,0,0,0,0,0.310036886041545,0,0.256455057270433,0.244806833624539,0.246748204232188,0,0,0,0,0,0,0,0,0,0,0,0.26189089497185,0,0,0.309260337798486,0.26189089497185,0,0,0,0.251407493690545,0,0,0,0.258784701999612,0,0],[0,-0.217627645117453,0,0,0,0,0,0,-0.221122112211221,0,0,0,0,0,0,0,0.273539118617744,0,0,0,0,0,0,-0.224616579304989,0,0,0,-0.332945059211804,0,0.218792467482042,0,0,0,0,0,0,0,0.307707241312366,-0.255678509027373,0,0,0,0,-0.256455057270433,0,0,0,0],[0.647835371772471,0,0.565521258008154,-0.345758105222287,-0.292952824694234,0,0,-0.212968355659095,0,-0.295670743544943,0.400504756357989,0.791885070860027,0,-0.353135313531353,0.30071830712483,0,0,0.694816540477577,0,0.767812075325179,0.626480295088332,0.57328674043875,0,0,-0.235488254707824,-0.33993399339934,0.249466123082897,0,0,0,0,0.26189089497185,0,0,0.270432925645506,0.577946029897107,0.6886041545331,0.292564550572704,0,0.355464958260532,-0.244806833624539,0.667249077848961,0,0.254125412541254,0,0.80663948747816,0.578334304018637,-0.279363230440691],[0.351582217045234,0.252960590176665,0.338380896913221,-0.228887594641817,0,0,-0.225004853426519,0,0,-0.22384003106193,0,0.272762570374684,0,0,0.826053193554649,0,0,0.24325373713842,0,0.274315666860804,0,0.324403028538148,0,0,0,0,0.373325567850903,0,0,0,-0.35973597359736,0,0,0.270432925645506,0,0.483595418365366,0.258784701999612,0,0,0,0,0.275480489225393,0,0,0,0.233935158221705,0.546107551931664,-0.240924092409241],[0.659871869539895,0.284799068142108,0.488254707823724,-0.401281304601048,-0.207144243836148,0,0,-0.287905261114347,0,-0.438943894389439,0.271986022131625,0.5530964861192,0,-0.363618714812658,0.537953795379538,0,0,0.490972626674432,0,0.584934964084644,0.367501456027956,0.658318773053776,0,0,-0.225004853426519,-0.220733838089691,0.462628615802757,0,0,0,-0.292176276451174,0,0,0.577946029897107,0.483595418365366,0,0.502620850320326,0,0,0,0,0.482818870122306,0,0.285575616385168,0,0.524364201125995,0.814016695787226,-0.37837313143079],[0.546884100174723,0,0.61211415259173,-0.307707241312366,-0.325567850902737,0,0,0,0,-0.249077848961367,0.388079984469035,0.801203649776742,0,-0.230440691127936,0.331003688604155,0,0,0.907590759075908,0,0.744515628033392,0.600077654824306,0.539118617744127,0,0,0,-0.274703940982334,0.258784701999612,0,0,0,-0.296447291788002,0.309260337798486,0,0.6886041545331,0.258784701999612,0.502620850320326,0,0.484371966608426,0,0.241312366530771,-0.205979421471559,0.740244612696564,0,0,0,0.679285575616385,0.516986992816929,0],[0,0,0.37837313143079,0,-0.303047951854009,0,-0.253348864298195,0,0,0,0.259949524364201,0.388856532712095,0,0,0,0,0,0.458745874587459,0,0.370995923121724,0.381867598524558,0.224616579304989,0.237429625315473,-0.381091050281499,0,0,0,0,0,0,-0.302659677732479,0.26189089497185,0.307707241312366,0.292564550572704,0,0,0.484371966608426,0,0,0,0,0.463016889924287,0,0,0,0.274703940982334,0,0],[0,-0.246359930110658,-0.330227140361095,0,0,0,0,0,0,0,0,0,-0.219957289846632,0,0,0,0,0,0,0,0,0,0,0,0,0,-0.331780236847214,0.212968355659095,0,0,0.255290234905844,0,-0.255678509027373,0,0,0,0,0,0,0,0,0,0,0,0,0,0,0],[0.237817899437002,0,0,0,0,0,0,0,0,0,0.22267520869734,0.315860997864492,0,-0.246748204232188,0,0,0,0.271597748010095,0,0.24208891477383,0.487478159580664,0,-0.224616579304989,0,-0.294505921180353,-0.36012424771889,0,0,0,0,0,0,0,0.355464958260532,0,0,0.241312366530771,0,0,0,-0.2820811492914,0.313143079013784,0,0.211415259172976,0,0.419141914191419,0,0],[-0.230440691127936,0,-0.299553484760241,0,0,0.259949524364201,0,0,0,0,0,-0.266550184430208,0,0,0,0,0,-0.214521452145215,0,0,-0.282857697534459,-0.235099980586294,0,0,0,0.760434867016113,0,0,0,0,0,0,0,-0.244806833624539,0,0,-0.205979421471559,0,0,-0.2820811492914,0,-0.243642011259949,0,0,0,-0.275092215103863,0,0],[0.527858668219763,0,0.610172781984081,-0.252184041933605,-0.291788002329645,0,0,0,0,-0.279751504562221,0.392350999805863,0.737914967967385,0,-0.210638710929916,0.333721607454863,0,0,0.749563191613279,0,0.725490196078431,0.740244612696564,0.503009124441856,0,0,-0.233546884100175,-0.333333333333333,0.257619879635022,0,0,0,-0.289070083478936,0.251407493690545,0,0.667249077848961,0.275480489225393,0.482818870122306,0.740244612696564,0.463016889924287,0,0.313143079013784,-0.243642011259949,0,0,0,0,0.636963696369637,0.485536788973015,0],[0,0,0,0,0,0,0,0.270044651523976,0,0.244806833624539,0,0,0,0,0,0,0,0,0,0,0,0,0,0,0,0,0,0,0.236264802950883,0.496408464375849,0,0,0,0,0,0,0,0,0,0,0,0,0,0,0,0,0,0],[0.384973791496797,0.226557949912638,0,-0.206367695593089,0,-0.333721607454863,0,-0.225781401669579,0,0,0,0.211415259172976,0,-0.388468258590565,0,0,0,0,0,0.230828965249466,0,0.309648611920016,0,0,-0.230440691127936,0,0,0,0,0,0,0,-0.256455057270433,0.254125412541254,0,0.285575616385168,0,0,0,0.211415259172976,0,0,0,0,0,0.2417006406523,0.302271403610949,-0.331780236847214],[0,0,0,0,0,0,0,0,0,0,0,0,0,0,0,0,0,0,0,0,0,0,0,0,0,0,0,0,0,0,0,0,0,0,0,0,0,0,0,0,0,0,0,0,0,0,0,0],[0.590370801786061,0,0.525140749369054,-0.309260337798486,-0.270432925645506,0,0,0,0,-0.263832265579499,0.370995923121724,0.777130654241895,0,-0.353135313531353,0.26111434672879,0,0,0.697146185206756,0,0.70879440885265,0.658318773053776,0.532129683556591,0,0,-0.249466123082897,-0.368666278392545,0.209862162686857,0,0,0,0,0.258784701999612,0,0.80663948747816,0.233935158221705,0.524364201125995,0.679285575616385,0.274703940982334,0,0.419141914191419,-0.275092215103863,0.636963696369637,0,0.2417006406523,0,0,0.511551155115512,-0.249854397204426],[0.675791108522617,0.253348864298195,0.503397398563386,-0.406328868180936,-0.214521452145215,-0.212191807416036,0,-0.209862162686857,0,-0.343040186371578,0.272374296253155,0.558144049699088,0,-0.370219374878664,0.579499126383227,0,0,0.49602019025432,0,0.566686080372743,0.355464958260532,0.629198213939041,0,0,0,-0.235876528829353,0.423412929528247,0,0,0,-0.329062317996506,0,0,0.578334304018637,0.546107551931664,0.814016695787226,0.516986992816929,0,0,0,0,0.485536788973015,0,0.302271403610949,0,0.511551155115512,0,-0.382644146767618],[-0.377596583187731,-0.327897495631916,-0.228499320520287,0.264220539701029,0,0.310036886041545,0,0,0,0.231217239370996,0,-0.231217239370996,-0.220733838089691,0.408270238788585,-0.245583381867599,0,0,0,0,-0.238206173558532,0,-0.330227140361095,0,-0.251795767812075,0.22306348281887,0,-0.268879829159387,0,0,0,0,0,0,-0.279363230440691,-0.240924092409241,-0.37837313143079,0,0,0,0,0,0,0,-0.331780236847214,0,-0.249854397204426,-0.382644146767618,0]]
var cor_kendall_para_second = [[0,0.281296023564065,0.526193982747738,-0.266989269934778,-0.238796549547654,0,0,-0.294761203450452,0,-0.402903429413002,0.262781401220282,0.55649063749211,0,0,0.292236482221755,0,0,0.495055754260467,0,0.527456343362087,0.507679360403955,0.693667157584683,0,-0.238796549547654,-0.266568483063328,-0.319587628865979,0.261939827477383,0,0,0,-0.245108352619398,0.466021460130444,0,0.562802440563854,0.247633073848096,0.583000210393436,0.518199032190196,0.28634546602146,0,0,-0.258152745634336,0.540921523248475,0,0,0,0.515253524090048,0.585104144750684,0],[0.281296023564065,0,0.25352409004839,0,0,0.226593730275615,0,0,0,0,0,0,0,0,0,0,0,0,0,0,0.270355564906375,0,0,0,-0.324637071323375,-0.23290553334736,0.590995160950978,-0.290553334735956,0,0,0,0,0,0,0,0,0,0,-0.488743951188723,0,0,0,0,0,0,0,0,0],[0.526193982747738,0.25352409004839,0,-0.25352409004839,-0.304439301493793,0,0,0,0,-0.277508941721018,0.483273721859878,0.588470439722281,0,0,0,0,0,0.569955817378498,0,0.576267620450242,0.53545129391963,0.54555017883442,0,-0.247212286976646,0,0,0.300652219650747,0,0,0,-0.353671365453398,0.466021460130444,0,0.591415947822428,0,0.390279823269514,0.547654113191668,0.252682516305491,-0.287607826635809,0,0,0.585524931622133,0,0,0,0.531243425205134,0.381443298969072,0],[-0.266989269934778,0,-0.25352409004839,0,0.283399957921313,0,0.250999368819693,0,0,0,-0.305701662108142,-0.318325268251631,0,0.247212286976646,0,0,0,-0.30822638333684,0,-0.303597727750894,-0.235009467704608,-0.26530612244898,0,0,0,0,0,0,0,0,0,-0.294340416579003,0,-0.305280875236693,0,-0.291815695350305,-0.326320218809173,0,0,0.218598779718073,0,-0.251420155691142,0,0,0,-0.306543235851041,-0.339364611824111,0],[-0.238796549547654,0,-0.304439301493793,0.283399957921313,0,0,0.2977067115506,0,0,0,-0.322112350094677,-0.353250578581948,0,0,0,0,0,-0.378497790868925,0,-0.339364611824111,-0.271617925520724,-0.237954975804755,0,0,0,0,0,0,0,0,0,-0.328424153166421,0,-0.325899431937724,0,-0.242583631390701,-0.373869135282979,0,0,0,0,-0.299810645907848,0,0,0,-0.335577529981065,-0.283399957921313,0],[0,0.226593730275615,0,0,0,0,0,0,0,0,0,0,0,0,0,0,0,0,0,0,0,0,0,0,0,0,0,-0.230801598990112,0,0,0,0,0,0,0,0,0,0,-0.220281927203871,0,0,0,0,0,0,0,0,0],[0,0,0,0.250999368819693,0.2977067115506,0,0,0,0,0,0,0,0.432358510414475,0,-0.2434252051336,0,0,-0.227435304018515,0,0,0,-0.216494845360825,0,0,0,0,0,0,0,0,0,0,0,0,0,-0.254786450662739,-0.241321270776352,0,0,0.283399957921313,0,0,0,0,0,0,-0.26530612244898,0],[-0.294761203450452,0,0,0,0,0,0,0,0,0.673890174626552,0,0,0,0,0,0,0,0,0,0,0,-0.26530612244898,0,0,0,0.238796549547654,0,0,0,0,0,0,0,-0.231222385861561,0,-0.306122448979592,0,0,0,0,0,0,0,0,0,0,0,0],[0,0,0,0,0,0,0,0,0,0,0,0,0,0,0,0,0,0,0,0,0,0,0,0,0,0,0,0,0,0,0,0,0,0,0,0,0,0,0,0,0,0,0,0,0,0,0,0],[-0.402903429413002,0,-0.277508941721018,0,0,0,0,0.673890174626552,0,0,0,-0.326320218809173,-0.230380812118662,0,0,0,0,-0.28676625289291,0,-0.309909530822638,-0.246370713233747,-0.434041657900274,0,0,0,0,0,0,0,0,0.229539238375763,-0.317483694508731,0,-0.365453397853987,0,-0.436987166000421,-0.317483694508731,0,0,0,0,-0.268672417420577,0,0,0,-0.321270776351778,-0.349042709867452,0],[0.262781401220282,0,0.483273721859878,-0.305701662108142,-0.322112350094677,0,0,0,0,0,0,0.466442247001894,0,0,0,0,0,0.488323164317273,0,0.496318114874816,0.433620871028824,0.236692615190406,0,0,0,0,0,0,0,-0.242583631390701,-0.328424153166421,0.447506837786661,0,0.466863033873343,0,0.23290553334736,0.455081001472754,0.226593730275615,0,0,0,0.486219229960025,-0.317483694508731,0,0,0.43782873974332,0.26530612244898,0],[0.55649063749211,0,0.588470439722281,-0.318325268251631,-0.353250578581948,0,0,0,0,-0.326320218809173,0.466442247001894,0,0,-0.217757205975174,0,0,0,0.823269513991164,0,0.806858826004629,0.663370502840311,0.549758047548917,0,0,0,0,0,0,0,0,-0.280454449821166,0.69745423942773,0,0.875026299179466,0,0.477803492531033,0.823690300862613,0.330948874395119,0,0,0,0.722701451714706,-0.237534188933305,0,0,0.85945718493583,0.512728802861351,0],[0,0,0,0,0,0,0.432358510414475,0,0,-0.230380812118662,0,0,0,0,0,0,0,0,0,0,0,0,0,0,0,0,0,0,0,0,0,0,0,0,0,0,0,0,0,0,0,0,0,0,0,0,0,0],[0,0,0,0.247212286976646,0,0,0,0,0,0,0,-0.217757205975174,0,0,0,0,0,0,0,0,0,0,0,0,0,0,0,0,0,0,0,-0.231643172733011,0,-0.259415106248685,0,-0.225752156532716,0,0,0,0,0,0,0.23206395960446,0,0,-0.250578581948243,0,0],[0.292236482221755,0,0,0,0,0,-0.2434252051336,0,0,0,0,0,0,0,0,0,0,0,0,0,0,0.314958973280034,0,0,0,0,0,0,0,0,-0.231643172733011,0,0,0,0.795497580475489,0.476120345045235,0.216074058489375,0,0,0,0,0,0,0,0,0,0.482432148116979,0],[0,0,0,0,0,0,0,0,0,0,0,0,0,0,0,0,0,0,0,0,0,0,0,0,0,0,0,0,0,0,0,0,0,0,0,0,0,0,0,0,0,0,0,0,0,0,0,0],[0,0,0,0,0,0,0,0,0,0,0,0,0,0,0,0,0,0,0,0,0,0,0,0,0,0,0,0,0,0,0,0,0,0,0,0,0,0,0,0.239638123290553,0,0,0,0,0,0,0,0],[0.495055754260467,0,0.569955817378498,-0.30822638333684,-0.378497790868925,0,-0.227435304018515,0,0,-0.28676625289291,0.488323164317273,0.823269513991164,0,0,0,0,0,0,0,0.76225541763097,0.630549126867242,0.532926572690932,0,-0.255628024405639,0,0,0,0,0,0,-0.307384809593941,0.657900273511467,0,0.786661056175047,0,0.460972017673049,0.883442036608458,0.36208710288239,0,0,0,0.694929518199032,0,0,0,0.785398695560699,0.486640016831475,0],[0,0,0,0,0,0,0,0,0,0,0,0,0,0,0,0,0,0,0,0,0,0,0,0,0,0,0,0,0,0,0,0,0,0,0,0,0,0,0,0,0,0,0,0,0,0,0,0],[0.527456343362087,0,0.576267620450242,-0.303597727750894,-0.339364611824111,0,0,0,0,-0.309909530822638,0.496318114874816,0.806858826004629,0,0,0,0,0,0.76225541763097,0,0,0.614980012623606,0.525773195876289,0,0,0,0,0,0,0,0,-0.34062697243846,0.673469387755102,0,0.801388596675784,0,0.440353460972018,0.76183463075952,0.357458447296444,0,-0.245949926362297,0,0.715548074900063,-0.265726909320429,0,0,0.748790237744582,0.482011361245529,0],[0.507679360403955,0.270355564906375,0.53545129391963,-0.235009467704608,-0.271617925520724,0,0,0,0,-0.246370713233747,0.433620871028824,0.663370502840311,0,0,0,0,0,0.630549126867242,0,0.614980012623606,0,0.442036608457816,0,-0.269093204292026,0,-0.23206395960446,0,0,0,0,0,0.563644014306754,0,0.680622764569745,0,0.36250788975384,0.613296865137808,0.302335367136545,0,0,0,0.790868924889543,0,0,0,0.66505365032611,0.379760151483274,0],[0.693667157584683,0,0.54555017883442,-0.26530612244898,-0.237954975804755,0,-0.216494845360825,-0.26530612244898,0,-0.434041657900274,0.236692615190406,0.549758047548917,0,0,0.314958973280034,0,0,0.532926572690932,0,0.525773195876289,0.442036608457816,0,0,-0.263202188091732,0,0,0.31916684199453,0,0,0,-0.294761203450452,0.455081001472754,0,0.549337260677467,0,0.624237323795498,0.548495686934568,0.281296023564065,0,0,0,0.485377656217126,0,0,0,0.511887229118452,0.568272669892699,0],[0,0,0,0,0,0,0,0,0,0,0,0,0,0,0,0,0,0,0,0,0,0,0,0,0,0,0,0,0,0,0,0,0,0.216074058489375,0,0,0,0,0,0,0,0,0,0,0,0,0,0],[-0.238796549547654,0,-0.247212286976646,0,0,0,0,0,0,0,0,0,0,0,0,0,0,-0.255628024405639,0,0,-0.269093204292026,-0.263202188091732,0,0,0,0.246791500105197,-0.271617925520724,0,0,0,0,0,0,0,0,0,-0.230801598990112,0,0.245949926362297,0,0.245949926362297,-0.26446454870608,0,0,0,0,0,0],[-0.266568483063328,-0.324637071323375,0,0,0,0,0,0,0,0,0,0,0,0,0,0,0,0,0,0,0,0,0,0,0,0.261098253734483,0,0,0,0,0,0,0,0,-0.258152745634336,0,0,0,0,0,0.262781401220282,0,0,0,0,0,0,0.279192089206817],[-0.319587628865979,-0.23290553334736,0,0,0,0,0,0.238796549547654,0,0,0,0,0,0,0,0,0,0,0,0,-0.23206395960446,0,0,0.246791500105197,0.261098253734483,0,0,0,0,0,0,0,0,0,0,0,0,0,0,-0.247212286976646,0.784557121817799,0,0,0,0,0,0,0],[0.261939827477383,0.590995160950978,0.300652219650747,0,0,0,0,0,0,0,0,0,0,0,0,0,0,0,0,0,0,0.31916684199453,0,-0.271617925520724,0,0,0,-0.246791500105197,0,0,0,0,0,0,0,0.267410056806228,0,0,-0.482011361245529,0,0,0,0,0,0,0,0,0],[0,-0.290553334735956,0,0,0,-0.230801598990112,0,0,0,0,0,0,0,0,0,0,0,0,0,0,0,0,0,0,0,0,-0.246791500105197,0,0,0,0,0,-0.36166631601094,0,0,0,0,0,0.434883231643173,0,0,0,0,0,0,0,0,0],[0,0,0,0,0,0,0,0,0,0,0,0,0,0,0,0,0,0,0,0,0,0,0,0,0,0,0,0,0,0,0,0,0,0,0,0,0,0,0,0,0,0,0,0,0,0,0,0],[0,0,0,0,0,0,0,0,0,0,-0.242583631390701,0,0,0,0,0,0,0,0,0,0,0,0,0,0,0,0,0,0,0,0,-0.230380812118662,0,0,0,0,0,0,0,0.278350515463918,-0.236692615190406,0,0.538817588891227,0,0,0,0,0],[-0.245108352619398,0,-0.353671365453398,0,0,0,0,0,0,0.229539238375763,-0.328424153166421,-0.280454449821166,0,0,-0.231643172733011,0,0,-0.307384809593941,0,-0.34062697243846,0,-0.294761203450452,0,0,0,0,0,0,0,0,0,-0.245529139490848,0,-0.285083105407111,0,-0.242162844519251,-0.331369661266568,0,0,0.369240479697033,0,-0.314538186408584,0.231643172733011,0,0,0,-0.269513991163476,0.231643172733011],[0.466021460130444,0,0.466021460130444,-0.294340416579003,-0.328424153166421,0,0,0,0,-0.317483694508731,0.447506837786661,0.69745423942773,0,-0.231643172733011,0,0,0,0.657900273511467,0,0.673469387755102,0.563644014306754,0.455081001472754,0,0,0,0,0,0,0,-0.230380812118662,-0.245529139490848,0,0,0.6759941089838,0,0.430254576057227,0.667578371554807,0.371765200925731,0,-0.225752156532716,0,0.630549126867242,-0.312855038922786,0,0,0.65369240479697,0.460972017673049,0],[0,0,0,0,0,0,0,0,0,0,0,0,0,0,0,0,0,0,0,0,0,0,0,0,0,0,0,-0.36166631601094,0,0,0,0,0,0,0,0,0,0,-0.364611824111088,0,0,0,0,0,0,0,0,0],[0.562802440563854,0,0.591415947822428,-0.305280875236693,-0.325899431937724,0,0,-0.231222385861561,0,-0.365453397853987,0.466863033873343,0.875026299179466,0,-0.259415106248685,0,0,0,0.786661056175047,0,0.801388596675784,0.680622764569745,0.549337260677467,0.216074058489375,0,0,0,0,0,0,0,-0.285083105407111,0.6759941089838,0,0,0,0.475699558173785,0.785398695560699,0.306122448979592,0,0,0,0.720597517357458,-0.223648222175468,0,0,0.851462234378287,0.494634967389018,0],[0.247633073848096,0,0,0,0,0,0,0,0,0,0,0,0,0,0.795497580475489,0,0,0,0,0,0,0,0,0,-0.258152745634336,0,0,0,0,0,0,0,0,0,0,0.388596675783716,0,0,0,0,0,0,0,0,0,0,0.412581527456343,0],[0.583000210393436,0,0.390279823269514,-0.291815695350305,-0.242583631390701,0,-0.254786450662739,-0.306122448979592,0,-0.436987166000421,0.23290553334736,0.477803492531033,0,-0.225752156532716,0.476120345045235,0,0,0.460972017673049,0,0.440353460972018,0.36250788975384,0.624237323795498,0,0,0,0,0.267410056806228,0,0,0,-0.242162844519251,0.430254576057227,0,0.475699558173785,0.388596675783716,0,0.489164738060173,0,0,0,0,0.387334315169367,0,0,0,0.458447296444351,0.803492531033032,0],[0.518199032190196,0,0.547654113191668,-0.326320218809173,-0.373869135282979,0,-0.241321270776352,0,0,-0.317483694508731,0.455081001472754,0.823690300862613,0,0,0.216074058489375,0,0,0.883442036608458,0,0.76183463075952,0.613296865137808,0.548495686934568,0,-0.230801598990112,0,0,0,0,0,0,-0.331369661266568,0.667578371554807,0,0.785398695560699,0,0.489164738060173,0,0.359141594782243,0,-0.242583631390701,0,0.698716600042079,0,0,0,0.775720597517357,0.537555228276878,0],[0.28634546602146,0,0.252682516305491,0,0,0,0,0,0,0,0.226593730275615,0.330948874395119,0,0,0,0,0,0.36208710288239,0,0.357458447296444,0.302335367136545,0.281296023564065,0,0,0,0,0,0,0,0,0,0.371765200925731,0,0.306122448979592,0,0,0.359141594782243,0,0,0,0,0.360824742268041,0,0,0,0.298127498422049,0,0],[0,-0.488743951188723,-0.287607826635809,0,0,-0.220281927203871,0,0,0,0,0,0,0,0,0,0,0,0,0,0,0,0,0,0.245949926362297,0,0,-0.482011361245529,0.434883231643173,0,0,0,0,-0.364611824111088,0,0,0,0,0,0,0,0,0,0,0,0,0,0,0],[0,0,0,0.218598779718073,0,0,0.283399957921313,0,0,0,0,0,0,0,0,0,0.239638123290553,0,0,-0.245949926362297,0,0,0,0,0,-0.247212286976646,0,0,0,0.278350515463918,0.369240479697033,-0.225752156532716,0,0,0,0,-0.242583631390701,0,0,0,-0.294340416579003,0,0.306122448979592,0,0,0,-0.239638123290553,0],[-0.258152745634336,0,0,0,0,0,0,0,0,0,0,0,0,0,0,0,0,0,0,0,0,0,0,0.245949926362297,0.262781401220282,0.784557121817799,0,0,0,-0.236692615190406,0,0,0,0,0,0,0,0,0,-0.294340416579003,0,0,-0.234167893961708,0,0,0,0,0],[0.540921523248475,0,0.585524931622133,-0.251420155691142,-0.299810645907848,0,0,0,0,-0.268672417420577,0.486219229960025,0.722701451714706,0,0,0,0,0,0.694929518199032,0,0.715548074900063,0.790868924889543,0.485377656217126,0,-0.26446454870608,0,0,0,0,0,0,-0.314538186408584,0.630549126867242,0,0.720597517357458,0,0.387334315169367,0.698716600042079,0.360824742268041,0,0,0,0,-0.229539238375763,0,0,0.667157584683358,0.444140542815064,0],[0,0,0,0,0,0,0,0,0,0,-0.317483694508731,-0.237534188933305,0,0.23206395960446,0,0,0,0,0,-0.265726909320429,0,0,0,0,0,0,0,0,0,0.538817588891227,0.231643172733011,-0.312855038922786,0,-0.223648222175468,0,0,0,0,0,0.306122448979592,-0.234167893961708,-0.229539238375763,0,0.224910582789817,0,0,0,0],[0,0,0,0,0,0,0,0,0,0,0,0,0,0,0,0,0,0,0,0,0,0,0,0,0,0,0,0,0,0,0,0,0,0,0,0,0,0,0,0,0,0,0.224910582789817,0,0,0,0,-0.242162844519251],[0,0,0,0,0,0,0,0,0,0,0,0,0,0,0,0,0,0,0,0,0,0,0,0,0,0,0,0,0,0,0,0,0,0,0,0,0,0,0,0,0,0,0,0,0,0,0,0],[0.515253524090048,0,0.531243425205134,-0.306543235851041,-0.335577529981065,0,0,0,0,-0.321270776351778,0.43782873974332,0.85945718493583,0,-0.250578581948243,0,0,0,0.785398695560699,0,0.748790237744582,0.66505365032611,0.511887229118452,0,0,0,0,0,0,0,0,0,0.65369240479697,0,0.851462234378287,0,0.458447296444351,0.775720597517357,0.298127498422049,0,0,0,0.667157584683358,0,0,0,0,0.466442247001894,0],[0.585104144750684,0,0.381443298969072,-0.339364611824111,-0.283399957921313,0,-0.26530612244898,0,0,-0.349042709867452,0.26530612244898,0.512728802861351,0,0,0.482432148116979,0,0,0.486640016831475,0,0.482011361245529,0.379760151483274,0.568272669892699,0,0,0,0,0,0,0,0,-0.269513991163476,0.460972017673049,0,0.494634967389018,0.412581527456343,0.803492531033032,0.537555228276878,0,0,-0.239638123290553,0,0.444140542815064,0,0,0,0.466442247001894,0,0],[0,0,0,0,0,0,0,0,0,0,0,0,0,0,0,0,0,0,0,0,0,0,0,0,0.279192089206817,0,0,0,0,0,0.231643172733011,0,0,0,0,0,0,0,0,0,0,0,0,-0.242162844519251,0,0,0,0]]
