var diff_kendall_para_p = [[1,1,1,1,1,1,1,1,1,1,1,1,1,1,1,1,1,1,1,1,1,1,1,1,1,1,1,1,1,1,1,1,1,1,1,1,1,1,1,0.112309440689068,1,1,1,0.0879592970453886,1,1,1,1],[1,1,1,1,1,0.0879592970453886,1,1,1,1,1,1,1,1,1,1,1,1,1,1,1,1,1,0.105566033742512,1,1,1,0.0150278699547286,1,1,1,1,0.2008048413929,1,1,1,1,1,1,1,1,1,1,1,1,1,1,0.382493637196106],[1,1,1,1,1,1,1,1,1,1,1,1,1,1,1,1,1,1,1,1,1,1,1,1,1,1,1,1,1,1,1,1,1,1,0.763025032176335,1,1,1,1,0.116315897468087,1,1,1,1,1,1,1,1],[1,1,1,1,1,0.689104234429463,1,1,1,1,1,1,1,1,1,1,1,1,1,1,1,1,1,1,1,0.790999155502638,0.760653729265744,1,1,1,1,1,1,1,1,1,1,1,1,0.611041856286358,1,1,1,0.390210932012082,1,1,1,1],[1,1,1,1,1,1,1,1,1,1,1,1,1,1,1,1,1,1,1,1,1,1,1,1,1,1,1,1,1,1,1,1,1,1,1,1,1,1,1,1,1,1,1,1,1,1,1,1],[1,0.0879592970453886,1,0.689104234429463,1,1,1,1,1,1,1,1,1,0.0072290872144607,1,1,1,1,1,1,1,1,1,0.139761891021967,0.403903343803016,1,0.390210932012082,1,1,1,1,1,1,1,1,1,1,1,1,1,1,1,1,0.390210932012082,1,1,1,0.763025032176335],[1,1,1,1,1,1,1,1,1,1,1,1,1,1,1,1,1,1,1,1,1,1,1,1,1,1,1,1,1,1,1,1,1,1,1,1,1,1,1,1,1,1,1,1,1,1,1,1],[1,1,1,1,1,1,1,1,1,1,1,1,1,1,1,1,1,1,1,1,1,1,1,1,1,1,1,1,1,1,1,1,1,1,1,1,1,1,1,1,1,1,1,1,1,1,1,1],[1,1,1,1,1,1,1,1,1,1,1,1,1,1,1,1,1,1,1,1,1,1,1,1,1,1,1,1,1,1,1,1,1,1,1,1,1,1,1,1,1,1,1,1,1,1,1,1],[1,1,1,1,1,1,1,1,1,1,1,1,1,1,1,1,1,1,1,1,1,1,1,1,1,1,1,1,1,1,1,1,1,1,1,1,1,1,1,1,1,1,1,1,1,1,1,1],[1,1,1,1,1,1,1,1,1,1,1,1,1,1,1,1,1,1,1,1,1,1,1,1,1,1,1,1,1,1,1,0.0879592970453886,1,1,1,1,1,1,1,0.00640646043240814,1,1,1,1,1,1,1,1],[1,1,1,1,1,1,1,1,1,1,1,1,1,1,1,1,1,1,1,1,1,1,1,1,1,1,1,1,1,1,1,0.0137052141103152,1,1,1,1,1,1,1,0.000169600285468378,1,1,1,0.527475970068772,1,1,1,1],[1,1,1,1,1,1,1,1,1,1,1,1,1,1,1,1,1,1,1,1,1,1,1,1,1,1,1,1,1,1,1,1,1,1,1,1,1,1,1,1,1,1,1,1,1,1,1,1],[1,1,1,1,1,0.0072290872144607,1,1,1,1,1,1,1,1,0.900936238639004,1,1,1,1,1,1,1,1,1,1,1,1,1,1,1,1,1,1,1,0.390210932012082,1,1,1,1,1,1,1,1,0.0103860225923051,1,1,1,1],[1,1,1,1,1,1,1,1,1,1,1,1,1,0.900936238639004,1,1,1,1,1,1,1,1,1,1,1,1,1,1,1,1,1,1,1,1,1,1,1,1,1,1,1,1,1,1,1,1,1,1],[1,1,1,1,1,1,1,1,1,1,1,1,1,1,1,1,1,1,1,1,1,1,1,1,1,1,1,1,1,1,1,1,1,1,1,1,1,1,1,1,1,1,1,1,1,1,1,1],[1,1,1,1,1,1,1,1,1,1,1,1,1,1,1,1,1,1,1,1,1,1,1,1,1,1,1,1,1,1,1,1,0.390210932012082,1,1,1,1,1,1,1,1,1,1,1,1,1,1,1],[1,1,1,1,1,1,1,1,1,1,1,1,1,1,1,1,1,1,1,1,1,1,1,1,1,1,1,1,1,1,1,0.0990375593222331,1,1,1,1,1,1,1,0.00113394909138253,1,1,1,1,1,1,1,1],[1,1,1,1,1,1,1,1,1,1,1,1,1,1,1,1,1,1,1,1,1,1,1,1,1,1,1,1,1,1,1,1,1,1,1,1,1,1,1,1,1,1,1,1,1,1,1,1],[1,1,1,1,1,1,1,1,1,1,1,1,1,1,1,1,1,1,1,1,1,1,1,1,1,1,1,1,1,1,1,0.0103860225923051,1,1,1,1,1,1,1,0.000522356405034868,1,1,1,0.608964835413238,1,1,1,1],[1,1,1,1,1,1,1,1,1,1,1,1,1,1,1,1,1,1,1,1,1,1,1,1,1,1,1,1,1,1,1,0.231668877871145,1,1,1,1,1,1,1,6.02597893595623e-05,1,1,1,1,1,1,1,1],[1,1,1,1,1,1,1,1,1,1,1,1,1,1,1,1,1,1,1,1,1,1,1,1,1,1,1,1,1,1,1,1,1,1,1,1,1,1,1,0.174397440208092,1,1,1,0.2544097488303,1,1,1,1],[1,1,1,1,1,1,1,1,1,1,1,1,1,1,1,1,1,1,1,1,1,1,1,1,1,1,1,1,1,1,1,1,1,1,1,1,1,1,1,1,1,1,1,1,1,1,1,1],[1,0.105566033742512,1,1,1,0.139761891021967,1,1,1,1,1,1,1,1,1,1,1,1,1,1,1,1,1,1,1,0.527475970068772,1,1,1,1,1,1,1,1,1,1,1,1,1,1,1,1,1,1,1,1,1,1],[1,1,1,1,1,0.403903343803016,1,1,1,1,1,1,1,1,1,1,1,1,1,1,1,1,1,1,1,1,1,1,1,1,1,1,1,1,1,1,1,1,1,1,1,1,1,1,1,1,1,1],[1,1,1,0.790999155502638,1,1,1,1,1,1,1,1,1,1,1,1,1,1,1,1,1,1,1,0.527475970068772,1,1,1,1,1,1,1,1,1,1,1,1,1,1,1,1,1,1,1,1,1,1,1,1],[1,1,1,0.760653729265744,1,0.390210932012082,1,1,1,1,1,1,1,1,1,1,1,1,1,1,1,1,1,1,1,1,1,0.0601795028753749,1,1,1,1,1,1,1,1,1,1,1,1,1,1,1,1,1,1,1,0.228689887311721],[1,0.0150278699547286,1,1,1,1,1,1,1,1,1,1,1,1,1,1,1,1,1,1,1,1,1,1,1,1,0.0601795028753749,1,1,1,1,1,1,1,1,1,1,1,1,1,1,1,1,1,1,1,1,1],[1,1,1,1,1,1,1,1,1,1,1,1,1,1,1,1,1,1,1,1,1,1,1,1,1,1,1,1,1,1,1,1,1,1,1,1,1,1,1,1,1,1,1,1,1,1,1,1],[1,1,1,1,1,1,1,1,1,1,1,1,1,1,1,1,1,1,1,1,1,1,1,1,1,1,1,1,1,1,1,1,1,1,1,1,1,1,1,0.0879592970453886,1,1,1,0.384400692394448,1,1,1,1],[1,1,1,1,1,1,1,1,1,1,1,1,1,1,1,1,1,1,1,1,1,1,1,1,1,1,1,1,1,1,1,1,1,1,1,1,1,1,1,1,1,1,1,1,1,1,1,1],[1,1,1,1,1,1,1,1,1,1,0.0879592970453886,0.0137052141103152,1,1,1,1,1,0.0990375593222331,1,0.0103860225923051,0.231668877871145,1,1,1,1,1,1,1,1,1,1,1,1,0.0105014525319239,1,1,0.0807527306296725,1,1,0.306930743674854,1,0.0392262479327605,0.580846762029864,1,1,0.0207058800557348,0.786570587466848,1],[1,0.2008048413929,1,1,1,1,1,1,1,1,1,1,1,1,1,1,0.390210932012082,1,1,1,1,1,1,1,1,1,1,1,1,1,1,1,1,1,1,1,1,1,1,1,1,1,1,1,1,1,1,1],[1,1,1,1,1,1,1,1,1,1,1,1,1,1,1,1,1,1,1,1,1,1,1,1,1,1,1,1,1,1,1,0.0105014525319239,1,1,1,1,1,1,1,0.000182871926856486,1,1,1,0.306930743674854,1,1,1,1],[1,1,0.763025032176335,1,1,1,1,1,1,1,1,1,1,0.390210932012082,1,1,1,1,1,1,1,1,1,1,1,1,1,1,1,1,1,1,1,1,1,1,1,1,1,1,1,1,1,1,1,1,1,1],[1,1,1,1,1,1,1,1,1,1,1,1,1,1,1,1,1,1,1,1,1,1,1,1,1,1,1,1,1,1,1,1,1,1,1,1,1,1,1,0.390210932012082,1,1,1,0.480544023828999,1,1,1,1],[1,1,1,1,1,1,1,1,1,1,1,1,1,1,1,1,1,1,1,1,1,1,1,1,1,1,1,1,1,1,1,0.0807527306296725,1,1,1,1,1,1,1,0.00056162191066645,1,1,1,1,1,1,1,1],[1,1,1,1,1,1,1,1,1,1,1,1,1,1,1,1,1,1,1,1,1,1,1,1,1,1,1,1,1,1,1,1,1,1,1,1,1,1,1,1,1,1,1,1,1,1,1,1],[1,1,1,1,1,1,1,1,1,1,1,1,1,1,1,1,1,1,1,1,1,1,1,1,1,1,1,1,1,1,1,1,1,1,1,1,1,1,1,1,1,1,1,1,1,1,1,1],[0.112309440689068,1,0.116315897468087,0.611041856286358,1,1,1,1,1,1,0.00640646043240814,0.000169600285468378,1,1,1,1,1,0.00113394909138253,1,0.000522356405034868,6.02597893595623e-05,0.174397440208092,1,1,1,1,1,1,1,0.0879592970453886,1,0.306930743674854,1,0.000182871926856486,1,0.390210932012082,0.00056162191066645,1,1,1,1,0.000218151513239244,0.390210932012082,1,1,6.02597893595623e-05,0.0570063532636172,0.235033367889298],[1,1,1,1,1,1,1,1,1,1,1,1,1,1,1,1,1,1,1,1,1,1,1,1,1,1,1,1,1,1,1,1,1,1,1,1,1,1,1,1,1,1,1,1,1,1,1,1],[1,1,1,1,1,1,1,1,1,1,1,1,1,1,1,1,1,1,1,1,1,1,1,1,1,1,1,1,1,1,1,0.0392262479327605,1,1,1,1,1,1,1,0.000218151513239244,1,1,1,1,1,1,1,1],[1,1,1,1,1,1,1,1,1,1,1,1,1,1,1,1,1,1,1,1,1,1,1,1,1,1,1,1,1,1,1,0.580846762029864,1,1,1,1,1,1,1,0.390210932012082,1,1,1,0.253939767207591,1,1,1,1],[0.0879592970453886,1,1,0.390210932012082,1,0.390210932012082,1,1,1,1,1,0.527475970068772,1,0.0103860225923051,1,1,1,1,1,0.608964835413238,1,0.2544097488303,1,1,1,1,1,1,1,0.384400692394448,1,1,1,0.306930743674854,1,0.480544023828999,1,1,1,1,1,1,0.253939767207591,1,1,0.235556548220573,0.295771786477308,1],[1,1,1,1,1,1,1,1,1,1,1,1,1,1,1,1,1,1,1,1,1,1,1,1,1,1,1,1,1,1,1,1,1,1,1,1,1,1,1,1,1,1,1,1,1,1,1,1],[1,1,1,1,1,1,1,1,1,1,1,1,1,1,1,1,1,1,1,1,1,1,1,1,1,1,1,1,1,1,1,0.0207058800557348,1,1,1,1,1,1,1,6.02597893595623e-05,1,1,1,0.235556548220573,1,1,1,1],[1,1,1,1,1,1,1,1,1,1,1,1,1,1,1,1,1,1,1,1,1,1,1,1,1,1,1,1,1,1,1,0.786570587466848,1,1,1,1,1,1,1,0.0570063532636172,1,1,1,0.295771786477308,1,1,1,1],[1,0.382493637196106,1,1,1,0.763025032176335,1,1,1,1,1,1,1,1,1,1,1,1,1,1,1,1,1,1,1,1,0.228689887311721,1,1,1,1,1,1,1,1,1,1,1,1,0.235033367889298,1,1,1,1,1,1,1,1]]
var diff_kendall_perm_p = [[1,1,1,1,1,1,1,1,1,1,1,1,1,0.651600790746326,1,1,1,1,1,1,1,1,1,1,1,1,1,1,1,1,1,0.175090008397822,1,1,1,1,1,1,1,0,1,1,1,0,1,1,1,1],[1,1,1,1,1,0,1,0.175090008397822,1,0.604183831795302,1,1,1,1,1,1,1,1,1,1,1,1,1,0.604183831795302,1,1,1,0,1,1,1,1,0.175090008397822,1,1,1,1,1,0,1,1,1,1,0.839290148950431,1,1,1,0.175090008397822],[1,1,1,1,1,1,1,1,1,1,1,1,1,1,0.604183831795302,1,1,1,1,1,1,1,1,1,1,1,1,1,1,1,1,0.311978560417938,1,1,0.311978560417938,1,1,1,1,0.175090008397822,1,1,1,1,1,1,1,1],[1,1,1,1,1,0.651600790746326,1,1,1,1,1,1,0.536213150718331,1,1,1,1,1,1,1,1,1,1,1,1,0.651600790746326,0.536213150718331,1,1,1,1,1,1,1,1,1,1,1,1,0.651600790746326,0.723564733499435,1,1,0.175090008397822,1,1,1,1],[1,1,1,1,1,1,1,1,1,1,1,1,1,1,1,1,1,1,1,1,1,1,1,1,1,1,1,1,1,1,1,1,1,1,1,1,1,1,1,0.903095832788768,1,1,1,1,1,1,1,1],[1,0,1,0.651600790746326,1,1,1,1,1,1,1,1,1,0,1,1,1,1,1,1,1,1,1,0,0.443762607491032,0.604183831795302,0.175090008397822,1,1,1,1,1,1,1,1,1,1,1,1,1,1,1,1,0,1,1,1,0.604183831795302],[1,1,1,1,1,1,1,1,1,1,1,1,1,1,1,1,1,1,1,1,1,1,1,1,1,1,1,1,1,1,1,1,1,1,1,1,1,1,1,1,1,1,1,1,1,1,1,1],[1,0.175090008397822,1,1,1,1,1,1,1,1,1,1,1,1,1,1,0.723564733499435,1,1,1,1,1,1,1,1,1,1,1,1,1,1,1,1,1,1,1,1,1,1,1,1,1,1,0.903095832788768,1,1,1,1],[1,1,1,1,1,1,1,1,1,1,1,1,1,1,1,1,1,1,1,1,1,1,1,1,1,1,1,1,1,1,1,1,1,1,1,1,1,1,1,1,1,1,1,1,1,1,1,1],[1,0.604183831795302,1,1,1,1,1,1,1,1,1,1,1,1,1,1,0.651600790746326,1,1,1,1,1,1,1,1,1,1,1,1,1,1,1,1,1,1,1,1,1,1,1,1,1,1,1,1,1,1,1],[1,1,1,1,1,1,1,1,1,1,1,1,1,1,1,1,1,1,1,1,1,1,1,1,1,1,1,1,1,1,1,0,1,1,1,1,1,1,1,0,1,1,1,1,1,1,1,1],[1,1,1,1,1,1,1,1,1,1,1,1,1,1,1,1,1,1,1,1,1,1,1,1,1,0.779946401044845,1,1,1,1,1,0,1,0.175090008397822,1,1,1,1,1,0,1,1,1,0,1,0.839290148950431,1,1],[1,1,1,0.536213150718331,1,1,1,1,1,1,1,1,1,1,1,1,1,1,1,1,1,1,1,1,1,1,1,1,1,1,1,1,1,1,1,1,1,1,1,1,1,1,1,1,1,1,1,1],[0.651600790746326,1,1,1,1,0,1,1,1,1,1,1,1,1,0.903095832788768,1,1,1,1,1,1,1,1,1,1,1,1,1,1,1,1,1,1,1,0.536213150718331,1,1,1,1,1,1,1,1,0,1,1,1,1],[1,1,0.604183831795302,1,1,1,1,1,1,1,1,1,1,0.903095832788768,1,1,1,1,1,1,1,1,1,1,1,1,1,1,1,1,1,1,1,1,1,1,1,1,1,1,1,1,1,1,1,1,1,1],[1,1,1,1,1,1,1,1,1,1,1,1,1,1,1,1,1,1,1,1,1,1,1,1,1,1,1,1,1,1,1,1,1,1,1,1,1,1,1,1,1,1,1,1,1,1,1,1],[1,1,1,1,1,1,1,0.723564733499435,1,0.651600790746326,1,1,1,1,1,1,1,1,0.972922830169343,1,1,1,1,1,1,1,1,1,1,1,1,1,0.443762607491032,1,1,1,1,1,1,0.779946401044845,1,1,1,1,1,1,1,1],[1,1,1,1,1,1,1,1,1,1,1,1,1,1,1,1,1,1,1,1,1,1,1,1,1,1,1,1,1,1,1,0,1,1,1,1,1,1,1,0,1,1,1,0.972922830169343,1,1,1,1],[1,1,1,1,1,1,1,1,1,1,1,1,1,1,1,1,0.972922830169343,1,1,1,1,1,1,1,1,1,1,1,1,1,1,1,1,1,1,1,1,1,1,1,1,1,1,1,1,1,1,1],[1,1,1,1,1,1,1,1,1,1,1,1,1,1,1,1,1,1,1,1,1,1,1,1,1,1,1,1,1,1,1,0,1,1,1,1,1,1,1,0,1,1,1,0.536213150718331,1,1,1,1],[1,1,1,1,1,1,1,1,1,1,1,1,1,1,1,1,1,1,1,1,1,1,1,1,1,1,1,1,1,1,1,0,1,1,1,1,1,1,1,0,1,1,1,0.723564733499435,1,1,1,1],[1,1,1,1,1,1,1,1,1,1,1,1,1,1,1,1,1,1,1,1,1,1,1,0.651600790746326,1,1,1,1,1,1,1,1,1,1,1,1,1,1,1,0,1,1,1,0.175090008397822,1,1,1,0.651600790746326],[1,1,1,1,1,1,1,1,1,1,1,1,1,1,1,1,1,1,1,1,1,1,1,1,1,1,1,1,1,1,1,1,1,1,1,1,1,1,1,1,1,1,1,1,1,1,1,1],[1,0.604183831795302,1,1,1,0,1,1,1,1,1,1,1,1,1,1,1,1,1,1,1,0.651600790746326,1,1,1,0.311978560417938,1,1,1,1,1,1,1,1,1,1,1,0.651600790746326,1,1,0.723564733499435,1,1,1,1,1,1,1],[1,1,1,1,1,0.443762607491032,1,1,1,1,1,1,1,1,1,1,1,1,1,1,1,1,1,1,1,1,1,1,1,0.839290148950431,1,1,1,1,1,1,1,1,1,1,1,1,1,1,1,1,1,1],[1,1,1,0.651600790746326,1,0.604183831795302,1,1,1,1,1,0.779946401044845,1,1,1,1,1,1,1,1,1,1,1,0.311978560417938,1,1,1,1,1,1,1,1,1,1,1,1,1,1,1,1,1,1,1,1,1,0.839290148950431,1,1],[1,1,1,0.536213150718331,1,0.175090008397822,1,1,1,1,1,1,1,1,1,1,1,1,1,1,1,1,1,1,1,1,1,0,1,1,1,1,1,1,1,1,1,1,1,1,1,1,1,1,1,1,0.779946401044845,0],[1,0,1,1,1,1,1,1,1,1,1,1,1,1,1,1,1,1,1,1,1,1,1,1,1,1,0,1,1,1,1,1,1,1,1,1,1,1,0.604183831795302,1,1,1,1,1,1,1,1,1],[1,1,1,1,1,1,1,1,1,1,1,1,1,1,1,1,1,1,1,1,1,1,1,1,1,1,1,1,1,1,1,1,1,1,1,1,1,1,0.779946401044845,1,1,1,1,1,1,1,1,1],[1,1,1,1,1,1,1,1,1,1,1,1,1,1,1,1,1,1,1,1,1,1,1,1,0.839290148950431,1,1,1,1,1,1,1,1,1,1,1,1,1,1,0,1,1,1,0.175090008397822,1,1,1,1],[1,1,1,1,1,1,1,1,1,1,1,1,1,1,1,1,1,1,1,1,1,1,1,1,1,1,1,1,1,1,1,1,1,1,1,1,1,1,1,1,1,1,1,1,1,1,1,1],[0.175090008397822,1,0.311978560417938,1,1,1,1,1,1,1,0,0,1,1,1,1,1,0,1,0,0,1,1,1,1,1,1,1,1,1,1,1,1,0,1,0.536213150718331,0,1,1,0.536213150718331,1,0,0.311978560417938,1,1,0,0.443762607491032,1],[1,0.175090008397822,1,1,1,1,1,1,1,1,1,1,1,1,1,1,0.443762607491032,1,1,1,1,1,1,1,1,1,1,1,1,1,1,1,1,1,1,1,1,1,1,1,1,1,1,1,1,1,1,1],[1,1,1,1,1,1,1,1,1,1,1,0.175090008397822,1,1,1,1,1,1,1,1,1,1,1,1,1,1,1,1,1,1,1,0,1,1,1,1,1,1,1,0,1,1,1,0.175090008397822,1,1,1,1],[1,1,0.311978560417938,1,1,1,1,1,1,1,1,1,1,0.536213150718331,1,1,1,1,1,1,1,1,1,1,1,1,1,1,1,1,1,1,1,1,1,1,1,1,1,1,1,1,1,1,1,1,1,1],[1,1,1,1,1,1,1,1,1,1,1,1,1,1,1,1,1,1,1,1,1,1,1,1,1,1,1,1,1,1,1,0.536213150718331,1,1,1,1,1,1,1,0,1,1,1,0.175090008397822,1,1,1,0.604183831795302],[1,1,1,1,1,1,1,1,1,1,1,1,1,1,1,1,1,1,1,1,1,1,1,1,1,1,1,1,1,1,1,0,1,1,1,1,1,1,1,0,1,1,1,1,1,1,1,1],[1,1,1,1,1,1,1,1,1,1,1,1,1,1,1,1,1,1,1,1,1,1,1,0.651600790746326,1,1,1,1,1,1,1,1,1,1,1,1,1,1,1,1,1,1,1,1,1,1,1,1],[1,0,1,1,1,1,1,1,1,1,1,1,1,1,1,1,1,1,1,1,1,1,1,1,1,1,1,0.604183831795302,0.779946401044845,1,1,1,1,1,1,1,1,1,1,1,1,1,1,1,1,1,1,1],[0,1,0.175090008397822,0.651600790746326,0.903095832788768,1,1,1,1,1,0,0,1,1,1,1,0.779946401044845,0,1,0,0,0,1,1,1,1,1,1,1,0,1,0.536213150718331,1,0,1,0,0,1,1,1,1,0,0.175090008397822,1,1,0,0.175090008397822,0.311978560417938],[1,1,1,0.723564733499435,1,1,1,1,1,1,1,1,1,1,1,1,1,1,1,1,1,1,1,0.723564733499435,1,1,1,1,1,1,1,1,1,1,1,1,1,1,1,1,1,1,1,1,1,1,1,1],[1,1,1,1,1,1,1,1,1,1,1,1,1,1,1,1,1,1,1,1,1,1,1,1,1,1,1,1,1,1,1,0,1,1,1,1,1,1,1,0,1,1,1,0.779946401044845,1,1,1,1],[1,1,1,1,1,1,1,1,1,1,1,1,1,1,1,1,1,1,1,1,1,1,1,1,1,1,1,1,1,1,1,0.311978560417938,1,1,1,1,1,1,1,0.175090008397822,1,1,1,0.175090008397822,1,1,1,1],[0,0.839290148950431,1,0.175090008397822,1,0,1,0.903095832788768,1,1,1,0,1,0,1,1,1,0.972922830169343,1,0.536213150718331,0.723564733499435,0.175090008397822,1,1,1,1,1,1,1,0.175090008397822,1,1,1,0.175090008397822,1,0.175090008397822,1,1,1,1,1,0.779946401044845,0.175090008397822,1,1,0,0.311978560417938,1],[1,1,1,1,1,1,1,1,1,1,1,1,1,1,1,1,1,1,1,1,1,1,1,1,1,1,1,1,1,1,1,1,1,1,1,1,1,1,1,1,1,1,1,1,1,1,1,1],[1,1,1,1,1,1,1,1,1,1,1,0.839290148950431,1,1,1,1,1,1,1,1,1,1,1,1,1,0.839290148950431,1,1,1,1,1,0,1,1,1,1,1,1,1,0,1,1,1,0,1,1,1,1],[1,1,1,1,1,1,1,1,1,1,1,1,1,1,1,1,1,1,1,1,1,1,1,1,1,1,0.779946401044845,1,1,1,1,0.443762607491032,1,1,1,1,1,1,1,0.175090008397822,1,1,1,0.311978560417938,1,1,1,1],[1,0.175090008397822,1,1,1,0.604183831795302,1,1,1,1,1,1,1,1,1,1,1,1,1,1,1,0.651600790746326,1,1,1,1,0,1,1,1,1,1,1,1,1,0.604183831795302,1,1,1,0.311978560417938,1,1,1,1,1,1,1,1]]
var diff_kendall_raw = [[0,-0.0368774640610557,0.00166468547202492,-0.144387161826045,0.0464067223296382,-0.196326606584248,0.121728715983689,0.0418006132737876,-0.0467085680858033,0.022977201496093,-0.00632634394984904,0.0447518396967851,0.106266370996699,-0.242815019240318,0.0919607610319824,0.120195551937219,-0.0824034829814339,0.0347442845669451,0.039742180428362,0.117272835438146,-0.073394755472874,0.0881227861155689,-0.0448372877782326,0.223847995868757,0.0485525638243458,0.0079976463383149,0.101290613213745,0.17786271393318,-0.157565526976331,-0.0781862198793981,0.0305869004741838,-0.233251124273329,-0.114052521079882,0.0850329312086169,0.103949143197138,0.0768716591464594,0.0286850679845276,-0.0990032023833317,0.0315478237839997,0.34280422386368,0.0277120545063999,-0.0130628550287115,0.0228469871157609,0.35404595644525,0.130628386906462,0.0751172776960125,0.0906869637719331,-0.214120883629557],[-0.0368774640610557,0,-0.0665701005317918,-0.191716739773382,0.0646011185938089,-0.352200408590506,-0.085432233524215,-0.241106874514632,0.0287391469806255,-0.249566397958591,-0.0348147016283292,0.00413900376931417,-0.0515717565989344,-0.234968336625249,0.010460773060883,-0.0856998510336052,-0.0901565484824123,-0.0451086630426387,-0.133568258374086,0.0401584743318579,-0.117957972205928,-0.011741513998679,0.0180657340000408,0.345299618265189,-0.0882924569235676,0.126324286987429,-0.136132027578818,0.403346967040363,-0.18689431473314,-0.185636283706092,0.0495003349916061,-0.0488062939782425,-0.324297117029929,0.0223478592212633,0.0423567610161345,0.087239631996516,-0.0362646232321652,-0.188552464979051,0.242384021078065,0.0856991158206673,0.177437025642144,-0.0631543829127038,-0.101889730067795,0.21919417966227,0.167014892105663,0.0412257584466878,0.0898731647400207,-0.299073594937618],[0.00166468547202492,-0.0665701005317918,0,-0.0258391403923006,0.00410926849049309,-0.135858446675598,0.047834097403379,0.0239524206130344,-0.0157541428330034,-0.00379565932732184,-0.127420489477816,0.0151016821957933,0.0499572289873385,-0.0752068919841081,0.23411418257208,0.0858285949880616,0.0544678420515905,0.039828690484053,0.0535948992233415,-0.00841671771290942,-0.0242884129256481,0.00249874370489223,-0.0504832329992322,0.0684120540121735,-0.0611846657617829,-0.153852129807726,0.089757409547467,0.128266229427363,-0.12882948422811,0.149938918100669,-0.0138300905745578,-0.243346251433104,0.0429789962325647,-0.0258946898142743,0.267478309073961,0.0979748845542095,0.0644600394000613,0.125690615125299,-0.0426193137252859,0.341006056398266,-0.202141324019656,0.0246478503619472,0.155846844198535,0.153252604502044,0.0432610729297333,-0.00610267583607926,0.121954099594314,-0.100369718163881],[-0.144387161826045,-0.191716739773382,-0.0258391403923006,0,-0.152357441905005,0.272056970180131,-0.206930256026061,0.222522325251423,-0.0551030660299233,0.204274013371808,0.176600516699484,-0.00801913089416634,-0.246651687111509,0.0690369850093757,-0.0874191056436864,-0.14532774424458,0.0397433240929321,0.0238155893162614,0.163158291794823,-0.0390541844991544,0.0577623312262539,-0.146846857554903,-0.0456550079458138,0.00363325895837563,0.0423749779589288,0.265180033430132,-0.268476238101651,-0.0736913730481475,0.115035419087508,-0.073974756790539,-0.0891268419177409,0.0848665280136756,0.0582447942941594,-0.0404772299855943,-0.131054647029783,-0.109465609250743,0.0186129774968067,0.012865001058094,0.109901590522909,-0.276257486765248,0.238010239310586,-0.000763886242462652,-0.0758048651735881,-0.295784905776131,0.00901534442500079,-0.00271710194744429,-0.0669642563568246,0.0847549390277699],[0.0464067223296382,0.0646011185938089,0.00410926849049309,-0.152357441905005,0,-0.0813181453044625,-0.19073719106914,0.0884277361041385,0.0590726440622181,0.0414358659662701,0.0718696787687209,0.0634039468599526,-0.139388612442017,0.0404330355189948,0.018110827060231,0.0474932036711796,-0.0820366117254292,0.0513768434800684,0.0284747153939661,0.034763563483983,0.0338000260837212,0.0424589556145006,0.0896513755037587,0.0121108359644766,0.0545003548015103,0.157706851241058,0.00442426638921366,0.072991858782913,0.0150563440646239,-0.0761174123625157,-0.106899307645892,0.0878883348787102,-0.118755024720922,0.0329466072434894,0.0263814824694806,0.0354393875545523,0.0483012843802419,-0.144200907881781,0.0776810469007446,-0.23085441178615,0.196876300790807,0.00802264357820298,-0.0646123918588564,-0.107064322105284,0.0527465451833484,0.065144604335559,0.0688785057760984,0.0749531618302113],[-0.196326606584248,-0.352200408590506,-0.135858446675598,0.272056970180131,-0.0813181453044625,0,-0.000615209848357015,0.0142854324540881,-0.0787364859182419,0.0140465699396018,0.133774444757999,-0.0292867989290235,0.0140029473052874,0.427382956857337,-0.0608471213329672,-0.0327788153129987,-0.0342544693696607,0.00442238751170573,-0.0621276988901103,-0.0328788042725511,0.00233781376182196,-0.1908832533728,0.0742929406119904,-0.335446376161978,0.29184408273874,0.253582376096299,-0.293420297587239,0.00773811617124145,0.0523682372816433,-0.0140435473975239,0.013712211433517,0.0951309992201433,0.038731671090402,-0.062330127519008,-0.0541182891447893,-0.120129219392156,0.0108029738383054,0.174142536467481,0.129619919826663,-0.227588105774105,0.237858213613097,-0.016584443310855,-0.0476933449709372,-0.296481969331573,0.145369651382039,-0.0531647179643522,-0.134135842762133,0.26732701858941],[0.121728715983689,-0.085432233524215,0.047834097403379,-0.206930256026061,-0.19073719106914,-0.000615209848357015,0,-0.00776858666300041,0.00500124516480063,-0.0997502604185494,0.155332276832342,0.0396265886164612,-0.0283592869627182,-0.0754220643039292,-0.0056526438277669,-0.140285817297216,-0.0970204964705082,0.0501881675401609,-0.00679451121062899,0.0595911325640801,-0.00201946655971769,0.170872636081073,-0.0912262833070352,0.0901439681721418,0.00249474087889724,0.159909630893288,-0.067851658372852,0.0475914771338769,-0.0781950424346528,-0.204286021849793,-0.0935335448867717,0.00782062340093739,-0.0941736702846904,0.0669589464856066,-0.0320740728668726,0.111319162757478,0.0679568755132961,-0.179921555230237,-0.0181600863270694,-0.202833077703879,0.208198825105218,0.00761051588135511,-0.123056673930162,-0.00337013441693917,0.11873378523605,0.0900984666603194,0.116014722720771,-0.0976737740109823],[0.0418006132737876,-0.241106874514632,0.0239524206130344,0.222522325251423,0.0884277361041385,0.0142854324540881,-0.00776858666300041,0,-0.00873269589554715,0.0446110872643432,-0.115414298821499,0.0129638463530763,0.0836316153490078,0.0184538447409177,-0.00700200463976546,-0.036844787930483,0.249696612338924,0.0106729228386261,-0.0368111315159932,-0.0691358303043581,-0.0102100654490642,0.0418543655085797,0.0556213911511323,-0.17160278421872,0.188339743369023,-0.128332561972426,-0.13900393269485,0.0281277765776107,0.151070492502401,0.13123281363173,0.00379018607545089,0.180413167614703,0.0719663184248896,0.0182540302024658,-0.0317214974179934,0.0182171878652452,0.0176962486535903,-0.00524329360201772,0.098559705601134,-0.038651042738214,-0.170826971188598,-0.0384734479685515,0.149489212853662,-0.220942352647908,-0.0820309750929054,0.0111581633776303,0.000741666473673297,0.0856878425556198],[-0.0467085680858033,0.0287391469806255,-0.0157541428330034,-0.0551030660299233,0.0590726440622181,-0.0787364859182419,0.00500124516480063,-0.00873269589554715,0,-0.0503312073017428,-0.114095000049627,-0.0780824731648299,0.0356093034335302,-0.0604338499715493,0.010706007420831,0.060606379940973,-0.0469549461103212,-0.0846011978334255,-0.188621820066191,-0.0288466514502096,-0.122670850518425,-0.0276012007334321,0.0995595135063314,0.165621745278697,-0.00379770158548261,-0.0697648458178821,0.0538638237779546,-0.00865525346608993,0.0522150679195839,-0.127247632747087,-0.149357446357128,0.0376057333211942,-0.203659457046062,-0.02795884098255,0.0209811800600612,-0.0118407677452935,-0.0617868051579109,-0.0930744452522256,0.0393969571088617,-0.192233921230021,-0.0850413453122394,-0.0811448801221009,-0.181106473415129,0.103864920470587,-0.0514941507888243,-0.0811236406372287,0.00210083012484365,-0.164440748229474],[0.022977201496093,-0.249566397958591,-0.00379565932732184,0.204274013371808,0.0414358659662701,0.0140465699396018,-0.0997502604185494,0.0446110872643432,-0.0503312073017428,0,-0.0237840568502587,0.0384149576948265,-0.0113198285336386,0.0530559064495452,-0.0657582620677137,-0.121294776969683,0.239026221900417,0.0501131758204967,-0.0468699881708323,-0.040896137979536,0.0306844387239432,0.0230535002609802,0.0642372698798821,-0.17528424046969,0.180751855708089,0.000709562175385592,-0.218286845206593,0.0299659723029765,0.13148670716628,0.0462314148891158,-0.0247246392687932,0.214785189364099,-0.00714782187244604,0.0697826543090443,-0.101180658034368,-0.00195672838901811,0.0684058455473646,0.000338933164365091,0.167123540239817,-0.152456123819335,-0.000949159902809762,-0.0110790871416444,0.127196903054373,-0.173467856061481,0.0362582513867035,0.0574385107722787,0.00600252349587388,0.0984589814286437],[-0.00632634394984904,-0.0348147016283292,-0.127420489477816,0.176600516699484,0.0718696787687209,0.133774444757999,0.155332276832342,-0.115414298821499,-0.114095000049627,-0.0237840568502587,0,-0.0659374906439048,0.0286585186284374,0.0467093032987412,0.122663335008393,0.036735404583391,0.104769069003533,-0.101019728091298,-0.0434142422917927,-0.0857182313570524,-0.0486470795320272,-0.0408083208786219,-0.110643175306256,-0.1094945276263,-0.133948281772646,-0.1571729232675,0.00945982149111559,-0.0242255113742955,0.00139870176916331,0.110764567131334,0.152341839052657,-0.351797266829565,0.158926732885662,-0.0663582775153544,0.195103702397566,0.0390804887842653,-0.067001017003719,0.0333557940885857,-0.0333514645012848,0.432016677243522,-0.148207655012602,-0.0938682301541623,0.200807320989026,0.159902115383256,0.0518324304305779,-0.0668328166215961,0.00706817380417513,0.0316416042787433],[0.0447518396967851,0.00413900376931417,0.0151016821957933,-0.00801913089416634,0.0634039468599526,-0.0292867989290235,0.0396265886164612,0.0129638463530763,-0.0780824731648299,0.0384149576948265,-0.0659374906439048,0,-0.0281396216749433,-0.0755838928405903,0.150118800199471,0.141171748887368,0.0786990717487362,-0.0150769300268848,0.0625702970787172,-0.0343874612210916,-0.0322309182936215,0.0165397587022967,-0.122325218747293,0.0871661107027276,-0.173024522659937,-0.231122437747172,0.0757614876102528,-0.0443420810194038,-0.0641527203920253,0.0484881101567911,0.0461310174779313,-0.406831059462675,0.0845619047864119,-0.0831412283194385,0.197652113820929,0.0752929935881671,-0.0224866510858707,0.0579076583169758,-0.0238528401051142,0.520153023953278,-0.21542457954908,0.0152135162526784,0.10299720582323,0.282317847012236,0.0863369538894459,-0.0823265306939353,0.0454152468377368,-0.0963550470713956],[0.106266370996699,-0.0515717565989344,0.0499572289873385,-0.246651687111509,-0.139388612442017,0.0140029473052874,-0.0283592869627182,0.0836316153490078,0.0356093034335302,-0.0113198285336386,0.0286585186284374,-0.0281396216749433,0,-0.0775128465186217,0.117248164959563,-0.00392587370765393,-0.147498582979175,-0.040315564829586,0.0635900374235639,0.0322629409015826,-0.0724754125392119,0.145591440618301,-0.0508658704882382,0.173648636753875,-0.0812286943970198,0.162661941371425,0.0884557558861045,-0.0239060205076212,0.0676172888263196,0.0354848890663747,-0.168457134818815,-0.0998058915308494,0.0520525041699848,-0.0461721894024528,0.124657314186264,0.106059449399848,-0.0253391955945388,-0.116294757159779,-0.129277719049241,-0.0326925503282869,0.108297927724729,-0.0355662526315007,0.00676199846070919,0.0945337612436012,-0.106784124285623,-0.0380359145801834,0.106103235414815,-0.223889739625563],[-0.242815019240318,-0.234968336625249,-0.0752068919841081,0.0690369850093757,0.0404330355189948,0.427382956857337,-0.0754220643039292,0.0184538447409177,-0.0604338499715493,0.0530559064495452,0.0467093032987412,-0.0755838928405903,-0.0775128465186217,0,-0.260570738451551,-0.0975668413736833,0.1029427183755,-0.0591576020017071,0.0859986742476923,-0.0668811772948436,-0.104154921129419,-0.183017046769713,0.12089147182809,-0.0220377627421286,0.115850688545297,0.193786282503202,-0.229605039933703,-0.0754683010286895,0.17040544910421,-0.024128136505189,-0.116691118623626,0.149911470150988,0.0240979110844092,-0.0937202072826681,-0.293908560668322,-0.137866558279942,-0.045925647997282,0.114595271608694,0.0591946077195806,-0.203196763037153,0.139563593121233,-0.0968158622027968,-0.0509340819108087,-0.416029798670514,-0.142454205322019,-0.10255673158311,-0.182758823647863,0.241849031130264],[0.0919607610319824,0.010460773060883,0.23411418257208,-0.0874191056436864,0.018110827060231,-0.0608471213329672,-0.0056526438277669,-0.00700200463976546,0.010706007420831,-0.0657582620677137,0.122663335008393,0.150118800199471,0.117248164959563,-0.260570738451551,0,0.0259968027223138,0.020192214887384,0.130311183368928,0.040044761397465,0.161992734217296,0.0611483952568473,0.0987471032099682,0.17924385228216,0.0271336053049371,0.153302762362473,0.0118052324532957,0.228341944106417,0.0642803206819116,-0.148824662048141,-0.0183032894693041,-0.201088335711951,0.0372454789816304,0.0337592626108318,0.146079131867098,0.0305556130791602,0.0618334503343033,0.114929630114779,0.156835215458032,-0.168142708752379,0.145591032166669,0.0348396988682173,0.167300399796542,-0.118028470957639,0.0317021368106291,-0.1213584954243,0.125410580686291,0.0970669782662478,-0.157849319170355],[0.120195551937219,-0.0856998510336052,0.0858285949880616,-0.14532774424458,0.0474932036711796,-0.0327788153129987,-0.140285817297216,-0.036844787930483,0.060606379940973,-0.121294776969683,0.036735404583391,0.141171748887368,-0.00392587370765393,-0.0975668413736833,0.0259968027223138,0,-0.181144050965288,0.169976574890444,-0.137055781790107,0.136229239067271,0.0988829542228241,0.162526825571507,0.0380671202848803,0.0927750502058535,0.0202790517043808,0.038511760731648,-0.060850307255698,0.229583800448831,-0.163829214445807,-0.0418961092653863,-0.0462528177546409,0.152014669295298,-0.0618612250452901,0.172780758725865,-0.014723864436047,0.1185355228138,0.166839748045794,0.189756743771307,0.143499514739038,-0.0193925482819442,0.0262189187198816,0.0983565417592984,-0.0649380911903396,-0.0648211923332158,-0.0677866328730124,0.188923829203009,0.138574486648799,-0.0271229038721746],[-0.0824034829814339,-0.0901565484824123,0.0544678420515905,0.0397433240929321,-0.0820366117254292,-0.0342544693696607,-0.0970204964705082,0.249696612338924,-0.0469549461103212,0.239026221900417,0.104769069003533,0.0786990717487362,-0.147498582979175,0.1029427183755,0.020192214887384,-0.181144050965288,0,0.0744261775344005,0.234645823216497,-0.0226079612206217,0.0191424125024104,-0.122588915121014,0.113821174075428,-0.0569987717450969,0.104685254728614,0.0465798241313469,-0.174536447221534,-0.183421087124244,-4.98310991232931e-06,0.0276756206208113,-0.0249345834077226,0.129868748560974,0.295209642497399,-0.0283839574413005,0.0311789102698342,-0.0648073049777224,0.0769890481455418,0.184779842323783,-0.0611878516845138,-0.239832260351318,0.0614161761468903,0.030964473162951,-0.0493071373695952,-0.219900800985904,0.16187542690854,0.00750546212156396,0.0222824252697915,0.0614723790914753],[0.0347442845669451,-0.0451086630426387,0.039828690484053,0.0238155893162614,0.0513768434800684,0.00442238751170573,0.0501881675401609,0.0106729228386261,-0.0846011978334255,0.0501131758204967,-0.101019728091298,-0.0150769300268848,-0.040315564829586,-0.0591576020017071,0.130311183368928,0.169976574890444,0.0744261775344005,0,0.094129884269723,-0.0340473027018301,0.00214355416556744,-0.0116685645371756,-0.0953986167295335,0.0896408374516491,-0.14105975144983,-0.204088331259829,0.0502541733239177,-0.0419398952803536,-0.0546890594555674,0.0724197814269119,0.0505414782019779,-0.347863387469921,0.123450584684216,-0.0918445156974702,0.169826428070463,0.0300006090013835,0.0241487224674498,0.0966587717050686,-0.040810608207762,0.468315610412788,-0.203791386923249,0.0546336734142466,0.0816902447413588,0.233406580964528,0.0338955220753199,-0.0882525103539425,0.0093801734228447,-0.0769563720149691],[0.039742180428362,-0.133568258374086,0.0535948992233415,0.163158291794823,0.0284747153939661,-0.0621276988901103,-0.00679451121062899,-0.0368111315159932,-0.188621820066191,-0.0468699881708323,-0.0434142422917927,0.0625702970787172,0.0635900374235639,0.0859986742476923,0.040044761397465,-0.137055781790107,0.234645823216497,0.094129884269723,0,0.0274574257589123,0.121580448041215,0.0493171035894199,0.110211115169759,-0.212337175351921,0.00291364887283892,-0.133063085395432,-0.0879969830128642,0.0438363362084652,0.13929352490205,0.108078997649892,-0.0655051037461019,0.0206692047034186,0.0500716771346693,0.0191142293397914,0.0315177617438728,0.0337592626108318,0.0899026549478626,0.137830451155659,0.0321330532825563,0.0668281602729895,-0.153060142092971,0.0764968639287908,0.155342814884451,0.0771997274974091,0.125728927888395,0.0509946144426945,0.00368643936088267,0.134359102424271],[0.117272835438146,0.0401584743318579,-0.00841671771290942,-0.0390541844991544,0.034763563483983,-0.0328788042725511,0.0595911325640801,-0.0691358303043581,-0.0288466514502096,-0.040896137979536,-0.0857182313570524,-0.0343874612210916,0.0322629409015826,-0.0668811772948436,0.161992734217296,0.136229239067271,-0.0226079612206217,-0.0340473027018301,0.0274574257589123,0,-0.0226678402298962,0.0995422768474543,-0.119968697900718,0.081168161865134,-0.134105208889721,-0.2225723197312,0.151905122567553,0.0479940470625323,-0.0374518287461968,0.0309257519482224,0.0884429305048548,-0.417014330484669,0.0506232502187361,-0.0335765213506043,0.221506914493878,0.144581503112626,-0.0173190027261289,0.0135374758252795,-0.0245374867309381,0.488038841136128,-0.189461514931583,0.00994212117836824,0.115658961349162,0.276905127673198,0.0331608809697197,-0.0399958288919324,0.0846747191272139,-0.0877748670152964],[-0.073394755472874,-0.117957972205928,-0.0242884129256481,0.0577623312262539,0.0338000260837212,0.00233781376182196,-0.00201946655971769,-0.0102100654490642,-0.122670850518425,0.0306844387239432,-0.0486470795320272,-0.0322309182936215,-0.0724754125392119,-0.104154921129419,0.0611483952568473,0.0988829542228241,0.0191424125024104,0.00214355416556744,0.121580448041215,-0.0226678402298962,0,-0.0582276393256088,-0.111886175313241,0.114754240983931,-0.115855018132598,-0.134272674058906,-0.0429316158432343,0.0936684973060369,-0.0355542441535152,0.0125530257014514,0.103630550924054,-0.318837180682215,0.0994350991391759,-0.0541424694814132,0.0922328715093264,0.00499356627411596,-0.0132192103135017,0.079532231388013,0.0824267647244669,0.553752091833978,-0.144208423391813,-0.0506243121929797,0.149123648642881,0.236581557191622,0.0847913729133585,-0.00673487727233391,-0.0242951932227418,-0.0530171852348166],[0.0881227861155689,-0.011741513998679,0.00249874370489223,-0.146846857554903,0.0424589556145006,-0.1908832533728,0.170872636081073,0.0418543655085797,-0.0276012007334321,0.0230535002609802,-0.0408083208786219,0.0165397587022967,0.145591440618301,-0.183017046769713,0.0987471032099682,0.162526825571507,-0.122588915121014,-0.0116685645371756,0.0493171035894199,0.0995422768474543,-0.0582276393256088,0,-0.0412871895721645,0.228063380093285,-0.0120595344394775,-0.0570173971395233,0.114729488815022,0.162913220815528,-0.130703950458411,0.045812670275827,0.0157862471312911,-0.208332797240566,-0.0446183577033957,0.0239494797612828,0.118007068092114,0.0340814492582783,-0.00937706919044035,-0.0566794442590755,-0.0123215153163439,0.328852659773719,-0.0661540516992752,0.0176314682247299,0.089316281784736,0.313225300327337,0.0230057931103441,0.0202424544381394,0.0609255440463414,-0.248384093864146],[-0.0448372877782326,0.0180657340000408,-0.0504832329992322,-0.0456550079458138,0.0896513755037587,0.0742929406119904,-0.0912262833070352,0.0556213911511323,0.0995595135063314,0.0642372698798821,-0.110643175306256,-0.122325218747293,-0.0508658704882382,0.12089147182809,0.17924385228216,0.0380671202848803,0.113821174075428,-0.0953986167295335,0.110211115169759,-0.119968697900718,-0.111886175313241,-0.0412871895721645,0,-0.0971084769520751,0.035180265839111,-0.0450823587575277,0.133029837432574,0.0189097584527329,0.0322392507069175,0.0446865691259662,-0.120225450596693,-0.0804929096268496,0.109225031239402,-0.188312458799994,0.206958275808027,0.00983437163780486,-0.091749101396198,0.0756370732430974,-0.0607482760379849,-0.187797728053148,-0.0645629692113653,-0.0747281866712185,0.00592230359531789,-0.0767338475657692,-0.0194799569312261,-0.197646640569058,0.00973307563302955,-0.00829009770694029],[0.223847995868757,0.345299618265189,0.0684120540121735,0.00363325895837563,0.0121108359644766,-0.335446376161978,0.0901439681721418,-0.17160278421872,0.165621745278697,-0.17528424046969,-0.1094945276263,0.0871661107027276,0.173648636753875,-0.0220377627421286,0.0271336053049371,0.0927750502058535,-0.0569987717450969,0.0896408374516491,-0.212337175351921,0.081168161865134,0.114754240983931,0.228063380093285,-0.0971084769520751,0,-0.178882454278026,-0.282706856346703,0.192992415910939,-0.0344363937266241,-0.0287009975981819,-0.0817551068605456,0.0130499479571353,0.0965021713492991,-0.0737644858903038,0.119295324539942,0.0282815177719552,0.1316419187865,0.0562723813624665,-0.238233907424356,-0.0846220288666656,0.0511746599221499,-0.236437210384817,0.115949697220932,-0.0603537934516462,0.109031833617391,0.0288705050255276,0.104437733039526,0.12778417481109,-0.152279672714242],[0.0485525638243458,-0.0882924569235676,-0.0611846657617829,0.0423749779589288,0.0545003548015103,0.29184408273874,0.00249474087889724,0.188339743369023,-0.00379770158548261,0.180751855708089,-0.133948281772646,-0.173024522659937,-0.0812286943970198,0.115850688545297,0.153302762362473,0.0202790517043808,0.104685254728614,-0.14105975144983,0.00291364887283892,-0.134105208889721,-0.115855018132598,-0.0120595344394775,0.035180265839111,-0.178882454278026,0,-0.0248334507836002,-0.0119869934296062,-0.0661117361101836,0.112621388251126,0.247380691584585,-0.032385639771883,-0.0367322186606601,0.0283114164314291,-0.135972159609991,0.175256220687724,-0.0396482365529655,-0.12193678124511,0.00502754944991164,0.0533017126417782,-0.205509497868761,-0.103006600210769,-0.104575708000869,0.138069313670145,-0.0299357468821968,-0.156105067320385,-0.159628126028405,0.0183765656921134,-0.0561286063879467],[0.0079976463383149,0.126324286987429,-0.153852129807726,0.265180033430132,0.157706851241058,0.253582376096299,0.159909630893288,-0.128332561972426,-0.0697648458178821,0.000709562175385592,-0.1571729232675,-0.231122437747172,0.162661941371425,0.193786282503202,0.0118052324532957,0.038511760731648,0.0465798241313469,-0.204088331259829,-0.133063085395432,-0.2225723197312,-0.134272674058906,-0.0570173971395233,-0.0450823587575277,-0.282706856346703,-0.0248334507836002,0,0.149804537513689,-0.0753645543141213,0.100729972503445,0.231483999131959,0.10697993599808,-0.0551536323419844,0.0648599135479444,-0.203388653613941,0.0535625498540746,-0.0294862050158432,-0.191177746999586,-0.123491184776452,-0.134819917555672,-0.112911960742243,-0.0241222548016861,-0.178273371204152,0.238991258440704,-0.0194136243861636,-0.0813256608144942,-0.216551824363511,-0.0770294848571254,0.129627271956042],[0.101290613213745,-0.136132027578818,0.089757409547467,-0.268476238101651,0.00442426638921366,-0.293420297587239,-0.067851658372852,-0.13900393269485,0.0538638237779546,-0.218286845206593,0.00945982149111559,0.0757614876102528,0.0884557558861045,-0.229605039933703,0.228341944106417,-0.060850307255698,-0.174536447221534,0.0502541733239177,-0.0879969830128642,0.151905122567553,-0.0429316158432343,0.114729488815022,0.133029837432574,0.192992415910939,-0.0119869934296062,0.149804537513689,0,0.36657406659714,-0.171894827135713,-0.0627228946084916,-0.171858393250124,0.0433428449464914,-0.230028440895599,0.0519066869373042,0.209849868292729,0.195218558996529,0.074690445740407,0.118007803305052,0.150231124398315,-0.129917435995527,0.147736873661376,0.0768919183474145,-0.144446142241729,0.108652953883401,0.0542203203625025,0.057326921786373,0.235531591425996,-0.320005434040514],[0.17786271393318,0.403346967040363,0.128266229427363,-0.0736913730481475,0.072991858782913,0.00773811617124145,0.0475914771338769,0.0281277765776107,-0.00865525346608993,0.0299659723029765,-0.0242255113742955,-0.0443420810194038,-0.0239060205076212,-0.0754683010286895,0.0642803206819116,0.229583800448831,-0.183421087124244,-0.0419398952803536,0.0438363362084652,0.0479940470625323,0.0936684973060369,0.162913220815528,0.0189097584527329,-0.0344363937266241,-0.0661117361101836,-0.0753645543141213,0.36657406659714,0,0.106828645513529,-0.0256385906409108,-0.0403956213494891,-0.0182207822396081,0.028721256799137,0.053472363733694,0.027576203493544,0.0702369342143308,-0.0709741894103768,0.0223173887295043,-0.221914875984077,-0.0349509610928173,-0.0496790734258386,0.0755878139762591,-0.0611929164847525,0.117643954591125,-0.111929961328208,-0.00423294764471066,0.0695541664660148,-0.145578451856398],[-0.157565526976331,-0.18689431473314,-0.12882948422811,0.115035419087508,0.0150563440646239,0.0523682372816433,-0.0781950424346528,0.151070492502401,0.0522150679195839,0.13148670716628,0.00139870176916331,-0.0641527203920253,0.0676172888263196,0.17040544910421,-0.148824662048141,-0.163829214445807,-4.98310991232931e-06,-0.0546890594555674,0.13929352490205,-0.0374518287461968,-0.0355542441535152,-0.130703950458411,0.0322392507069175,-0.0287009975981819,0.112621388251126,0.100729972503445,-0.171894827135713,0.106828645513529,0,0.0291855029242482,-0.0680517996726097,-0.0105383788709931,-0.0917147097687702,-0.0676834579907292,-0.15640258348925,-0.127812194593056,-0.0422298959391861,-0.0241198857822194,0.244096332010399,-0.0385566904111854,0.0989336839155383,-0.0567486359655631,0.130016117909857,-0.14001444203281,0.0620326113501438,-0.0655757658784653,-0.102666278310855,0.0617730811830703],[-0.0781862198793981,-0.185636283706092,0.149938918100669,-0.073974756790539,-0.0761174123625157,-0.0140435473975239,-0.204286021849793,0.13123281363173,-0.127247632747087,0.0462314148891158,0.110764567131334,0.0484881101567911,0.0354848890663747,-0.024128136505189,-0.0183032894693041,-0.0418961092653863,0.0276756206208113